[[{"__tipo":"CFrame","componentes":[-142.8975067138672,-428.6910095214844,9491.1015625,-0.012481212615966797,0.987606406211853,-0.1564542055130005,-0.00001621246337890625,0.15646612644195558,0.9876834154129028,0.9999221563339233,0.012329965829849244,-0.0019369125366210938]},{"y":67,"x":134,"__tipo":"Vector2"},0],[{"__tipo":"CFrame","componentes":[-142.8975067138672,-428.6910095214844,9491.1015625,-0.012481212615966797,0.987606406211853,-0.1564542055130005,-0.00001621246337890625,0.15646612644195558,0.9876834154129028,0.9999221563339233,0.012329965829849244,-0.0019369125366210938]},{"y":67,"x":134,"__tipo":"Vector2"},1],[{"__tipo":"CFrame","componentes":[-142.8975067138672,-428.6910095214844,9491.1015625,-0.012481212615966797,0.987606406211853,-0.1564542055130005,-0.00001621246337890625,0.15646612644195558,0.9876834154129028,0.9999221563339233,0.012329965829849244,-0.0019369125366210938]},{"y":67,"x":134,"__tipo":"Vector2"},1],[{"__tipo":"CFrame","componentes":[-142.8975067138672,-428.6910095214844,9491.1015625,-0.012481212615966797,0.987606406211853,-0.1564542055130005,-0.00001621246337890625,0.15646612644195558,0.9876834154129028,0.9999221563339233,0.012329965829849244,-0.0019369125366210938]},{"y":66,"x":134,"__tipo":"Vector2"},1],[{"__tipo":"CFrame","componentes":[-142.8975067138672,-428.6910095214844,9491.1015625,-0.012481212615966797,0.987606406211853,-0.1564542055130005,-0.00001621246337890625,0.15646612644195558,0.9876834154129028,0.9999221563339233,0.012329965829849244,-0.0019369125366210938]},{"y":66,"x":134,"__tipo":"Vector2"},1],[{"__tipo":"CFrame","componentes":[-142.8975067138672,-428.6910095214844,9491.1015625,-0.012481212615966797,0.987606406211853,-0.1564542055130005,-0.00001621246337890625,0.15646612644195558,0.9876834154129028,0.9999221563339233,0.012329965829849244,-0.0019369125366210938]},{"y":65,"x":133,"__tipo":"Vector2"},1],[{"__tipo":"CFrame","componentes":[-142.8975067138672,-428.6910095214844,9491.1015625,-0.012481212615966797,0.987606406211853,-0.1564542055130005,-0.00001621246337890625,0.15646612644195558,0.9876834154129028,0.9999221563339233,0.012329965829849244,-0.0019369125366210938]},{"y":65,"x":133,"__tipo":"Vector2"},1],[{"__tipo":"CFrame","componentes":[-142.8975067138672,-428.6910095214844,9491.1015625,-0.012481212615966797,0.987606406211853,-0.1564542055130005,-0.00001621246337890625,0.15646612644195558,0.9876834154129028,0.9999221563339233,0.012329965829849244,-0.0019369125366210938]},{"y":65,"x":133,"__tipo":"Vector2"},1],[{"__tipo":"CFrame","componentes":[-142.8975067138672,-428.6910095214844,9491.1015625,-0.012481212615966797,0.987606406211853,-0.1564542055130005,-0.00001621246337890625,0.15646612644195558,0.9876834154129028,0.9999221563339233,0.012329965829849244,-0.0019369125366210938]},{"y":65,"x":133,"__tipo":"Vector2"},1],[{"__tipo":"CFrame","componentes":[-142.8975067138672,-428.6910095214844,9491.1015625,-0.012481212615966797,0.987606406211853,-0.1564542055130005,-0.00001621246337890625,0.15646612644195558,0.9876834154129028,0.9999221563339233,0.012329965829849244,-0.0019369125366210938]},{"y":62,"x":131,"__tipo":"Vector2"},1],[{"__tipo":"CFrame","componentes":[-142.8975067138672,-428.6910095214844,9491.1015625,-0.012481212615966797,0.987606406211853,-0.1564542055130005,-0.00001621246337890625,0.15646612644195558,0.9876834154129028,0.9999221563339233,0.012329965829849244,-0.0019369125366210938]},{"y":62,"x":131,"__tipo":"Vector2"},1],[{"__tipo":"CFrame","componentes":[-142.8975067138672,-428.6910095214844,9491.1015625,-0.012481212615966797,0.987606406211853,-0.1564542055130005,-0.00001621246337890625,0.15646612644195558,0.9876834154129028,0.9999221563339233,0.012329965829849244,-0.0019369125366210938]},{"y":61,"x":130,"__tipo":"Vector2"},1],[{"__tipo":"CFrame","componentes":[-142.8975067138672,-428.6910095214844,9491.1015625,-0.012481212615966797,0.987606406211853,-0.1564542055130005,-0.00001621246337890625,0.15646612644195558,0.9876834154129028,0.9999221563339233,0.012329965829849244,-0.0019369125366210938]},{"y":61,"x":130,"__tipo":"Vector2"},1],[{"__tipo":"CFrame","componentes":[-142.8975067138672,-428.6910095214844,9491.1015625,-0.012481212615966797,0.987606406211853,-0.1564542055130005,-0.00001621246337890625,0.15646612644195558,0.9876834154129028,0.9999221563339233,0.012329965829849244,-0.0019369125366210938]},{"y":61,"x":130,"__tipo":"Vector2"},1],[{"__tipo":"CFrame","componentes":[-142.8975067138672,-428.6910095214844,9491.1015625,-0.012481212615966797,0.987606406211853,-0.1564542055130005,-0.00001621246337890625,0.15646612644195558,0.9876834154129028,0.9999221563339233,0.012329965829849244,-0.0019369125366210938]},{"y":61,"x":130,"__tipo":"Vector2"},1],[{"__tipo":"CFrame","componentes":[-142.8975067138672,-428.6910095214844,9491.1015625,-0.012481212615966797,0.987606406211853,-0.1564542055130005,-0.00001621246337890625,0.15646612644195558,0.9876834154129028,0.9999221563339233,0.012329965829849244,-0.0019369125366210938]},{"y":61,"x":129,"__tipo":"Vector2"},1],[{"__tipo":"CFrame","componentes":[-142.8975067138672,-428.6910095214844,9491.1015625,-0.012481212615966797,0.987606406211853,-0.1564542055130005,-0.00001621246337890625,0.15646612644195558,0.9876834154129028,0.9999221563339233,0.012329965829849244,-0.0019369125366210938]},{"y":61,"x":129,"__tipo":"Vector2"},1],[{"__tipo":"CFrame","componentes":[-142.8975067138672,-428.6910095214844,9491.1015625,-0.012481212615966797,0.987606406211853,-0.1564542055130005,-0.00001621246337890625,0.15646612644195558,0.9876834154129028,0.9999221563339233,0.012329965829849244,-0.0019369125366210938]},{"y":60,"x":128,"__tipo":"Vector2"},1],[{"__tipo":"CFrame","componentes":[-142.8975067138672,-428.6910095214844,9491.1015625,-0.012481212615966797,0.987606406211853,-0.1564542055130005,-0.00001621246337890625,0.15646612644195558,0.9876834154129028,0.9999221563339233,0.012329965829849244,-0.0019369125366210938]},{"y":60,"x":128,"__tipo":"Vector2"},1],[{"__tipo":"CFrame","componentes":[-142.8975067138672,-428.6910095214844,9491.1015625,-0.012481212615966797,0.987606406211853,-0.1564542055130005,-0.00001621246337890625,0.15646612644195558,0.9876834154129028,0.9999221563339233,0.012329965829849244,-0.0019369125366210938]},{"y":59,"x":127,"__tipo":"Vector2"},1],[{"__tipo":"CFrame","componentes":[-142.8975067138672,-428.6910095214844,9491.1015625,-0.012481212615966797,0.987606406211853,-0.1564542055130005,-0.00001621246337890625,0.15646612644195558,0.9876834154129028,0.9999221563339233,0.012329965829849244,-0.0019369125366210938]},{"y":59,"x":127,"__tipo":"Vector2"},1],[{"__tipo":"CFrame","componentes":[-142.8975067138672,-428.6910095214844,9491.1015625,-0.012481212615966797,0.987606406211853,-0.1564542055130005,-0.00001621246337890625,0.15646612644195558,0.9876834154129028,0.9999221563339233,0.012329965829849244,-0.0019369125366210938]},{"y":59,"x":127,"__tipo":"Vector2"},1],[{"__tipo":"CFrame","componentes":[-142.8975067138672,-428.6910095214844,9491.1015625,-0.012481212615966797,0.987606406211853,-0.1564542055130005,-0.00001621246337890625,0.15646612644195558,0.9876834154129028,0.9999221563339233,0.012329965829849244,-0.0019369125366210938]},{"y":59,"x":127,"__tipo":"Vector2"},1],[{"__tipo":"CFrame","componentes":[-142.8975067138672,-428.6910095214844,9491.1015625,-0.012481212615966797,0.987606406211853,-0.1564542055130005,-0.00001621246337890625,0.15646612644195558,0.9876834154129028,0.9999221563339233,0.012329965829849244,-0.0019369125366210938]},{"y":58,"x":125,"__tipo":"Vector2"},1],[{"__tipo":"CFrame","componentes":[-142.8975067138672,-428.6910095214844,9491.1015625,-0.012481212615966797,0.987606406211853,-0.1564542055130005,-0.00001621246337890625,0.15646612644195558,0.9876834154129028,0.9999221563339233,0.012329965829849244,-0.0019369125366210938]},{"y":58,"x":125,"__tipo":"Vector2"},1],[{"__tipo":"CFrame","componentes":[-142.8975067138672,-428.6910095214844,9491.1015625,-0.012481212615966797,0.987606406211853,-0.1564542055130005,-0.00001621246337890625,0.15646612644195558,0.9876834154129028,0.9999221563339233,0.012329965829849244,-0.0019369125366210938]},{"y":58,"x":125,"__tipo":"Vector2"},1],[{"__tipo":"CFrame","componentes":[-142.8975067138672,-428.6910095214844,9491.1015625,-0.012481212615966797,0.987606406211853,-0.1564542055130005,-0.00001621246337890625,0.15646612644195558,0.9876834154129028,0.9999221563339233,0.012329965829849244,-0.0019369125366210938]},{"y":58,"x":125,"__tipo":"Vector2"},1],[{"__tipo":"CFrame","componentes":[-142.8975067138672,-428.6910095214844,9491.1015625,-0.012481212615966797,0.987606406211853,-0.1564542055130005,-0.00001621246337890625,0.15646612644195558,0.9876834154129028,0.9999221563339233,0.012329965829849244,-0.0019369125366210938]},{"y":58,"x":125,"__tipo":"Vector2"},1],[{"__tipo":"CFrame","componentes":[-142.8975067138672,-428.6910095214844,9491.1015625,-0.012481212615966797,0.987606406211853,-0.1564542055130005,-0.00001621246337890625,0.15646612644195558,0.9876834154129028,0.9999221563339233,0.012329965829849244,-0.0019369125366210938]},{"y":58,"x":125,"__tipo":"Vector2"},1],[{"__tipo":"CFrame","componentes":[-142.8975067138672,-428.6910095214844,9491.1015625,-0.012481212615966797,0.987606406211853,-0.1564542055130005,-0.00001621246337890625,0.15646612644195558,0.9876834154129028,0.9999221563339233,0.012329965829849244,-0.0019369125366210938]},{"y":57,"x":124,"__tipo":"Vector2"},1],[{"__tipo":"CFrame","componentes":[-142.8975067138672,-428.6910095214844,9491.1015625,-0.012481212615966797,0.987606406211853,-0.1564542055130005,-0.00001621246337890625,0.15646612644195558,0.9876834154129028,0.9999221563339233,0.012329965829849244,-0.0019369125366210938]},{"y":57,"x":124,"__tipo":"Vector2"},1],[{"__tipo":"CFrame","componentes":[-142.8975067138672,-428.6910095214844,9491.1015625,-0.012481212615966797,0.987606406211853,-0.1564542055130005,-0.00001621246337890625,0.15646612644195558,0.9876834154129028,0.9999221563339233,0.012329965829849244,-0.0019369125366210938]},{"y":57,"x":123,"__tipo":"Vector2"},1],[{"__tipo":"CFrame","componentes":[-142.8975067138672,-428.6910095214844,9491.1015625,-0.012481212615966797,0.987606406211853,-0.1564542055130005,-0.00001621246337890625,0.15646612644195558,0.9876834154129028,0.9999221563339233,0.012329965829849244,-0.0019369125366210938]},{"y":57,"x":123,"__tipo":"Vector2"},1],[{"__tipo":"CFrame","componentes":[-142.8975067138672,-428.6910095214844,9491.1015625,-0.012481212615966797,0.987606406211853,-0.1564542055130005,-0.00001621246337890625,0.15646612644195558,0.9876834154129028,0.9999221563339233,0.012329965829849244,-0.0019369125366210938]},{"y":57,"x":123,"__tipo":"Vector2"},1],[{"__tipo":"CFrame","componentes":[-142.8975067138672,-428.6910095214844,9491.1015625,-0.012481212615966797,0.987606406211853,-0.1564542055130005,-0.00001621246337890625,0.15646612644195558,0.9876834154129028,0.9999221563339233,0.012329965829849244,-0.0019369125366210938]},{"y":57,"x":123,"__tipo":"Vector2"},1],[{"__tipo":"CFrame","componentes":[-142.8975067138672,-428.6910095214844,9491.1015625,-0.012481212615966797,0.987606406211853,-0.1564542055130005,-0.00001621246337890625,0.15646612644195558,0.9876834154129028,0.9999221563339233,0.012329965829849244,-0.0019369125366210938]},{"y":56,"x":122,"__tipo":"Vector2"},1],[{"__tipo":"CFrame","componentes":[-142.8975067138672,-428.6910095214844,9491.1015625,-0.012481212615966797,0.987606406211853,-0.1564542055130005,-0.00001621246337890625,0.15646612644195558,0.9876834154129028,0.9999221563339233,0.012329965829849244,-0.0019369125366210938]},{"y":56,"x":122,"__tipo":"Vector2"},1],[{"__tipo":"CFrame","componentes":[-142.8975067138672,-428.6910095214844,9491.1015625,-0.012481212615966797,0.987606406211853,-0.1564542055130005,-0.00001621246337890625,0.15646612644195558,0.9876834154129028,0.9999221563339233,0.012329965829849244,-0.0019369125366210938]},{"y":56,"x":120,"__tipo":"Vector2"},1],[{"__tipo":"CFrame","componentes":[-142.8975067138672,-428.6910095214844,9491.1015625,-0.012481212615966797,0.987606406211853,-0.1564542055130005,-0.00001621246337890625,0.15646612644195558,0.9876834154129028,0.9999221563339233,0.012329965829849244,-0.0019369125366210938]},{"y":56,"x":120,"__tipo":"Vector2"},1],[{"__tipo":"CFrame","componentes":[-142.8975067138672,-428.6910095214844,9491.1015625,-0.012481212615966797,0.987606406211853,-0.1564542055130005,-0.00001621246337890625,0.15646612644195558,0.9876834154129028,0.9999221563339233,0.012329965829849244,-0.0019369125366210938]},{"y":56,"x":120,"__tipo":"Vector2"},1],[{"__tipo":"CFrame","componentes":[-142.8975067138672,-428.6910095214844,9491.1015625,-0.012481212615966797,0.987606406211853,-0.1564542055130005,-0.00001621246337890625,0.15646612644195558,0.9876834154129028,0.9999221563339233,0.012329965829849244,-0.0019369125366210938]},{"y":56,"x":120,"__tipo":"Vector2"},1],[{"__tipo":"CFrame","componentes":[-142.8975067138672,-428.6910095214844,9491.1015625,-0.012481212615966797,0.987606406211853,-0.1564542055130005,-0.00001621246337890625,0.15646612644195558,0.9876834154129028,0.9999221563339233,0.012329965829849244,-0.0019369125366210938]},{"y":55,"x":120,"__tipo":"Vector2"},1],[{"__tipo":"CFrame","componentes":[-142.8975067138672,-428.6910095214844,9491.1015625,-0.012481212615966797,0.987606406211853,-0.1564542055130005,-0.00001621246337890625,0.15646612644195558,0.9876834154129028,0.9999221563339233,0.012329965829849244,-0.0019369125366210938]},{"y":55,"x":120,"__tipo":"Vector2"},1],[{"__tipo":"CFrame","componentes":[-142.8975067138672,-428.6910095214844,9491.1015625,-0.012481212615966797,0.987606406211853,-0.1564542055130005,-0.00001621246337890625,0.15646612644195558,0.9876834154129028,0.9999221563339233,0.012329965829849244,-0.0019369125366210938]},{"y":55,"x":119,"__tipo":"Vector2"},1],[{"__tipo":"CFrame","componentes":[-142.8975067138672,-428.6910095214844,9491.1015625,-0.012481212615966797,0.987606406211853,-0.1564542055130005,-0.00001621246337890625,0.15646612644195558,0.9876834154129028,0.9999221563339233,0.012329965829849244,-0.0019369125366210938]},{"y":55,"x":119,"__tipo":"Vector2"},1],[{"__tipo":"CFrame","componentes":[-142.8975067138672,-428.6910095214844,9491.1015625,-0.012481212615966797,0.987606406211853,-0.1564542055130005,-0.00001621246337890625,0.15646612644195558,0.9876834154129028,0.9999221563339233,0.012329965829849244,-0.0019369125366210938]},{"y":55,"x":118,"__tipo":"Vector2"},1],[{"__tipo":"CFrame","componentes":[-142.8975067138672,-428.6910095214844,9491.1015625,-0.012481212615966797,0.987606406211853,-0.1564542055130005,-0.00001621246337890625,0.15646612644195558,0.9876834154129028,0.9999221563339233,0.012329965829849244,-0.0019369125366210938]},{"y":55,"x":118,"__tipo":"Vector2"},1],[{"__tipo":"CFrame","componentes":[-142.8975067138672,-428.6910095214844,9491.1015625,-0.012481212615966797,0.987606406211853,-0.1564542055130005,-0.00001621246337890625,0.15646612644195558,0.9876834154129028,0.9999221563339233,0.012329965829849244,-0.0019369125366210938]},{"y":54,"x":118,"__tipo":"Vector2"},1],[{"__tipo":"CFrame","componentes":[-142.8975067138672,-428.6910095214844,9491.1015625,-0.012481212615966797,0.987606406211853,-0.1564542055130005,-0.00001621246337890625,0.15646612644195558,0.9876834154129028,0.9999221563339233,0.012329965829849244,-0.0019369125366210938]},{"y":54,"x":118,"__tipo":"Vector2"},1],[{"__tipo":"CFrame","componentes":[-142.8975067138672,-428.6910095214844,9491.1015625,-0.012481212615966797,0.987606406211853,-0.1564542055130005,-0.00001621246337890625,0.15646612644195558,0.9876834154129028,0.9999221563339233,0.012329965829849244,-0.0019369125366210938]},{"y":54,"x":117,"__tipo":"Vector2"},1],[{"__tipo":"CFrame","componentes":[-142.8975067138672,-428.6910095214844,9491.1015625,-0.012481212615966797,0.987606406211853,-0.1564542055130005,-0.00001621246337890625,0.15646612644195558,0.9876834154129028,0.9999221563339233,0.012329965829849244,-0.0019369125366210938]},{"y":54,"x":117,"__tipo":"Vector2"},1],[{"__tipo":"CFrame","componentes":[-142.8975067138672,-428.6910095214844,9491.1015625,-0.012481212615966797,0.987606406211853,-0.1564542055130005,-0.00001621246337890625,0.15646612644195558,0.9876834154129028,0.9999221563339233,0.012329965829849244,-0.0019369125366210938]},{"y":53,"x":116,"__tipo":"Vector2"},1],[{"__tipo":"CFrame","componentes":[-142.8975067138672,-428.6910095214844,9491.1015625,-0.012481212615966797,0.987606406211853,-0.1564542055130005,-0.00001621246337890625,0.15646612644195558,0.9876834154129028,0.9999221563339233,0.012329965829849244,-0.0019369125366210938]},{"y":53,"x":116,"__tipo":"Vector2"},1],[{"__tipo":"CFrame","componentes":[-142.8975067138672,-428.6910095214844,9491.1015625,-0.012481212615966797,0.987606406211853,-0.1564542055130005,-0.00001621246337890625,0.15646612644195558,0.9876834154129028,0.9999221563339233,0.012329965829849244,-0.0019369125366210938]},{"y":53,"x":115,"__tipo":"Vector2"},1],[{"__tipo":"CFrame","componentes":[-142.8975067138672,-428.6910095214844,9491.1015625,-0.012481212615966797,0.987606406211853,-0.1564542055130005,-0.00001621246337890625,0.15646612644195558,0.9876834154129028,0.9999221563339233,0.012329965829849244,-0.0019369125366210938]},{"y":53,"x":115,"__tipo":"Vector2"},1],[{"__tipo":"CFrame","componentes":[-142.8975067138672,-428.6910095214844,9491.1015625,-0.012481212615966797,0.987606406211853,-0.1564542055130005,-0.00001621246337890625,0.15646612644195558,0.9876834154129028,0.9999221563339233,0.012329965829849244,-0.0019369125366210938]},{"y":53,"x":114,"__tipo":"Vector2"},1],[{"__tipo":"CFrame","componentes":[-142.8975067138672,-428.6910095214844,9491.1015625,-0.012481212615966797,0.987606406211853,-0.1564542055130005,-0.00001621246337890625,0.15646612644195558,0.9876834154129028,0.9999221563339233,0.012329965829849244,-0.0019369125366210938]},{"y":53,"x":114,"__tipo":"Vector2"},1],[{"__tipo":"CFrame","componentes":[-142.8975067138672,-428.6910095214844,9491.1015625,-0.012481212615966797,0.987606406211853,-0.1564542055130005,-0.00001621246337890625,0.15646612644195558,0.9876834154129028,0.9999221563339233,0.012329965829849244,-0.0019369125366210938]},{"y":53,"x":114,"__tipo":"Vector2"},1],[{"__tipo":"CFrame","componentes":[-142.8975067138672,-428.6910095214844,9491.1015625,-0.012481212615966797,0.987606406211853,-0.1564542055130005,-0.00001621246337890625,0.15646612644195558,0.9876834154129028,0.9999221563339233,0.012329965829849244,-0.0019369125366210938]},{"y":53,"x":114,"__tipo":"Vector2"},1],[{"__tipo":"CFrame","componentes":[-142.8975067138672,-428.6910095214844,9491.1015625,-0.012481212615966797,0.987606406211853,-0.1564542055130005,-0.00001621246337890625,0.15646612644195558,0.9876834154129028,0.9999221563339233,0.012329965829849244,-0.0019369125366210938]},{"y":53,"x":113,"__tipo":"Vector2"},1],[{"__tipo":"CFrame","componentes":[-142.8975067138672,-428.6910095214844,9491.1015625,-0.012481212615966797,0.987606406211853,-0.1564542055130005,-0.00001621246337890625,0.15646612644195558,0.9876834154129028,0.9999221563339233,0.012329965829849244,-0.0019369125366210938]},{"y":53,"x":113,"__tipo":"Vector2"},1],[{"__tipo":"CFrame","componentes":[-142.8975067138672,-428.6910095214844,9491.1015625,-0.012481212615966797,0.987606406211853,-0.1564542055130005,-0.00001621246337890625,0.15646612644195558,0.9876834154129028,0.9999221563339233,0.012329965829849244,-0.0019369125366210938]},{"y":53,"x":112,"__tipo":"Vector2"},1],[{"__tipo":"CFrame","componentes":[-142.8975067138672,-428.6910095214844,9491.1015625,-0.012481212615966797,0.987606406211853,-0.1564542055130005,-0.00001621246337890625,0.15646612644195558,0.9876834154129028,0.9999221563339233,0.012329965829849244,-0.0019369125366210938]},{"y":53,"x":112,"__tipo":"Vector2"},1],[{"__tipo":"CFrame","componentes":[-142.8975067138672,-428.6910095214844,9491.1015625,-0.012481212615966797,0.987606406211853,-0.1564542055130005,-0.00001621246337890625,0.15646612644195558,0.9876834154129028,0.9999221563339233,0.012329965829849244,-0.0019369125366210938]},{"y":53,"x":112,"__tipo":"Vector2"},1],[{"__tipo":"CFrame","componentes":[-142.8975067138672,-428.6910095214844,9491.1015625,-0.012481212615966797,0.987606406211853,-0.1564542055130005,-0.00001621246337890625,0.15646612644195558,0.9876834154129028,0.9999221563339233,0.012329965829849244,-0.0019369125366210938]},{"y":53,"x":112,"__tipo":"Vector2"},1],[{"__tipo":"CFrame","componentes":[-142.8975067138672,-428.6910095214844,9491.1015625,-0.012481212615966797,0.987606406211853,-0.1564542055130005,-0.00001621246337890625,0.15646612644195558,0.9876834154129028,0.9999221563339233,0.012329965829849244,-0.0019369125366210938]},{"y":52,"x":112,"__tipo":"Vector2"},1],[{"__tipo":"CFrame","componentes":[-142.8975067138672,-428.6910095214844,9491.1015625,-0.012481212615966797,0.987606406211853,-0.1564542055130005,-0.00001621246337890625,0.15646612644195558,0.9876834154129028,0.9999221563339233,0.012329965829849244,-0.0019369125366210938]},{"y":52,"x":112,"__tipo":"Vector2"},1],[{"__tipo":"CFrame","componentes":[-142.8975067138672,-428.6910095214844,9491.1015625,-0.012481212615966797,0.987606406211853,-0.1564542055130005,-0.00001621246337890625,0.15646612644195558,0.9876834154129028,0.9999221563339233,0.012329965829849244,-0.0019369125366210938]},{"y":52,"x":112,"__tipo":"Vector2"},1],[{"__tipo":"CFrame","componentes":[-142.8975067138672,-428.6910095214844,9491.1015625,-0.012481212615966797,0.987606406211853,-0.1564542055130005,-0.00001621246337890625,0.15646612644195558,0.9876834154129028,0.9999221563339233,0.012329965829849244,-0.0019369125366210938]},{"y":52,"x":112,"__tipo":"Vector2"},1],[{"__tipo":"CFrame","componentes":[-142.8975067138672,-428.6910095214844,9491.1015625,-0.012481212615966797,0.987606406211853,-0.1564542055130005,-0.00001621246337890625,0.15646612644195558,0.9876834154129028,0.9999221563339233,0.012329965829849244,-0.0019369125366210938]},{"y":51,"x":112,"__tipo":"Vector2"},1],[{"__tipo":"CFrame","componentes":[-142.8975067138672,-428.6910095214844,9491.1015625,-0.012481212615966797,0.987606406211853,-0.1564542055130005,-0.00001621246337890625,0.15646612644195558,0.9876834154129028,0.9999221563339233,0.012329965829849244,-0.0019369125366210938]},{"y":51,"x":112,"__tipo":"Vector2"},1],[{"__tipo":"CFrame","componentes":[-142.8975067138672,-428.6910095214844,9491.1015625,-0.012481212615966797,0.987606406211853,-0.1564542055130005,-0.00001621246337890625,0.15646612644195558,0.9876834154129028,0.9999221563339233,0.012329965829849244,-0.0019369125366210938]},{"y":51,"x":112,"__tipo":"Vector2"},1],[{"__tipo":"CFrame","componentes":[-142.8975067138672,-428.6910095214844,9491.1015625,-0.012481212615966797,0.987606406211853,-0.1564542055130005,-0.00001621246337890625,0.15646612644195558,0.9876834154129028,0.9999221563339233,0.012329965829849244,-0.0019369125366210938]},{"y":51,"x":112,"__tipo":"Vector2"},1],[{"__tipo":"CFrame","componentes":[-142.8975067138672,-428.6910095214844,9491.1015625,-0.012481212615966797,0.987606406211853,-0.1564542055130005,-0.00001621246337890625,0.15646612644195558,0.9876834154129028,0.9999221563339233,0.012329965829849244,-0.0019369125366210938]},{"y":50,"x":111,"__tipo":"Vector2"},1],[{"__tipo":"CFrame","componentes":[-142.8975067138672,-428.6910095214844,9491.1015625,-0.012481212615966797,0.987606406211853,-0.1564542055130005,-0.00001621246337890625,0.15646612644195558,0.9876834154129028,0.9999221563339233,0.012329965829849244,-0.0019369125366210938]},{"y":50,"x":111,"__tipo":"Vector2"},1],[{"__tipo":"CFrame","componentes":[-142.8975067138672,-428.6910095214844,9491.1015625,-0.012481212615966797,0.987606406211853,-0.1564542055130005,-0.00001621246337890625,0.15646612644195558,0.9876834154129028,0.9999221563339233,0.012329965829849244,-0.0019369125366210938]},{"y":49,"x":109,"__tipo":"Vector2"},1],[{"__tipo":"CFrame","componentes":[-142.8975067138672,-428.6910095214844,9491.1015625,-0.012481212615966797,0.987606406211853,-0.1564542055130005,-0.00001621246337890625,0.15646612644195558,0.9876834154129028,0.9999221563339233,0.012329965829849244,-0.0019369125366210938]},{"y":49,"x":109,"__tipo":"Vector2"},1],[{"__tipo":"CFrame","componentes":[-142.8975067138672,-428.6910095214844,9491.1015625,-0.012481212615966797,0.987606406211853,-0.1564542055130005,-0.00001621246337890625,0.15646612644195558,0.9876834154129028,0.9999221563339233,0.012329965829849244,-0.0019369125366210938]},{"y":49,"x":107,"__tipo":"Vector2"},1],[{"__tipo":"CFrame","componentes":[-142.8975067138672,-428.6910095214844,9491.1015625,-0.012481212615966797,0.987606406211853,-0.1564542055130005,-0.00001621246337890625,0.15646612644195558,0.9876834154129028,0.9999221563339233,0.012329965829849244,-0.0019369125366210938]},{"y":49,"x":107,"__tipo":"Vector2"},1],[{"__tipo":"CFrame","componentes":[-142.8975067138672,-428.6910095214844,9491.1015625,-0.012481212615966797,0.987606406211853,-0.1564542055130005,-0.00001621246337890625,0.15646612644195558,0.9876834154129028,0.9999221563339233,0.012329965829849244,-0.0019369125366210938]},{"y":48,"x":104,"__tipo":"Vector2"},1],[{"__tipo":"CFrame","componentes":[-142.8975067138672,-428.6910095214844,9491.1015625,-0.012481212615966797,0.987606406211853,-0.1564542055130005,-0.00001621246337890625,0.15646612644195558,0.9876834154129028,0.9999221563339233,0.012329965829849244,-0.0019369125366210938]},{"y":48,"x":104,"__tipo":"Vector2"},1],[{"__tipo":"CFrame","componentes":[-142.8975067138672,-428.6910095214844,9491.1015625,-0.012481212615966797,0.987606406211853,-0.1564542055130005,-0.00001621246337890625,0.15646612644195558,0.9876834154129028,0.9999221563339233,0.012329965829849244,-0.0019369125366210938]},{"y":47,"x":104,"__tipo":"Vector2"},1],[{"__tipo":"CFrame","componentes":[-142.8975067138672,-428.6910095214844,9491.1015625,-0.012481212615966797,0.987606406211853,-0.1564542055130005,-0.00001621246337890625,0.15646612644195558,0.9876834154129028,0.9999221563339233,0.012329965829849244,-0.0019369125366210938]},{"y":47,"x":104,"__tipo":"Vector2"},1],[{"__tipo":"CFrame","componentes":[-142.8975067138672,-428.6910095214844,9491.1015625,-0.012481212615966797,0.987606406211853,-0.1564542055130005,-0.00001621246337890625,0.15646612644195558,0.9876834154129028,0.9999221563339233,0.012329965829849244,-0.0019369125366210938]},{"y":47,"x":103,"__tipo":"Vector2"},1],[{"__tipo":"CFrame","componentes":[-142.8975067138672,-428.6910095214844,9491.1015625,-0.012481212615966797,0.987606406211853,-0.1564542055130005,-0.00001621246337890625,0.15646612644195558,0.9876834154129028,0.9999221563339233,0.012329965829849244,-0.0019369125366210938]},{"y":47,"x":103,"__tipo":"Vector2"},1],[{"__tipo":"CFrame","componentes":[-142.8975067138672,-428.6910095214844,9491.1015625,-0.012481212615966797,0.987606406211853,-0.1564542055130005,-0.00001621246337890625,0.15646612644195558,0.9876834154129028,0.9999221563339233,0.012329965829849244,-0.0019369125366210938]},{"y":47,"x":102,"__tipo":"Vector2"},1],[{"__tipo":"CFrame","componentes":[-142.8975067138672,-428.6910095214844,9491.1015625,-0.012481212615966797,0.987606406211853,-0.1564542055130005,-0.00001621246337890625,0.15646612644195558,0.9876834154129028,0.9999221563339233,0.012329965829849244,-0.0019369125366210938]},{"y":47,"x":102,"__tipo":"Vector2"},1],[{"__tipo":"CFrame","componentes":[-142.8975067138672,-428.6910095214844,9491.1015625,-0.012481212615966797,0.987606406211853,-0.1564542055130005,-0.00001621246337890625,0.15646612644195558,0.9876834154129028,0.9999221563339233,0.012329965829849244,-0.0019369125366210938]},{"y":46,"x":101,"__tipo":"Vector2"},1],[{"__tipo":"CFrame","componentes":[-142.8975067138672,-428.6910095214844,9491.1015625,-0.012481212615966797,0.987606406211853,-0.1564542055130005,-0.00001621246337890625,0.15646612644195558,0.9876834154129028,0.9999221563339233,0.012329965829849244,-0.0019369125366210938]},{"y":46,"x":101,"__tipo":"Vector2"},1],[{"__tipo":"CFrame","componentes":[-142.8975067138672,-428.6910095214844,9491.1015625,-0.012481212615966797,0.987606406211853,-0.1564542055130005,-0.00001621246337890625,0.15646612644195558,0.9876834154129028,0.9999221563339233,0.012329965829849244,-0.0019369125366210938]},{"y":45,"x":100,"__tipo":"Vector2"},1],[{"__tipo":"CFrame","componentes":[-142.8975067138672,-428.6910095214844,9491.1015625,-0.012481212615966797,0.987606406211853,-0.1564542055130005,-0.00001621246337890625,0.15646612644195558,0.9876834154129028,0.9999221563339233,0.012329965829849244,-0.0019369125366210938]},{"y":45,"x":100,"__tipo":"Vector2"},1],[{"__tipo":"CFrame","componentes":[-142.8975067138672,-428.6910095214844,9491.1015625,-0.012481212615966797,0.987606406211853,-0.1564542055130005,-0.00001621246337890625,0.15646612644195558,0.9876834154129028,0.9999221563339233,0.012329965829849244,-0.0019369125366210938]},{"y":45,"x":99,"__tipo":"Vector2"},1],[{"__tipo":"CFrame","componentes":[-142.8975067138672,-428.6910095214844,9491.1015625,-0.012481212615966797,0.987606406211853,-0.1564542055130005,-0.00001621246337890625,0.15646612644195558,0.9876834154129028,0.9999221563339233,0.012329965829849244,-0.0019369125366210938]},{"y":45,"x":99,"__tipo":"Vector2"},1],[{"__tipo":"CFrame","componentes":[-142.8975067138672,-428.6910095214844,9491.1015625,-0.012481212615966797,0.987606406211853,-0.1564542055130005,-0.00001621246337890625,0.15646612644195558,0.9876834154129028,0.9999221563339233,0.012329965829849244,-0.0019369125366210938]},{"y":45,"x":99,"__tipo":"Vector2"},1],[{"__tipo":"CFrame","componentes":[-142.8975067138672,-428.6910095214844,9491.1015625,-0.012481212615966797,0.987606406211853,-0.1564542055130005,-0.00001621246337890625,0.15646612644195558,0.9876834154129028,0.9999221563339233,0.012329965829849244,-0.0019369125366210938]},{"y":45,"x":99,"__tipo":"Vector2"},1],[{"__tipo":"CFrame","componentes":[-142.8975067138672,-428.6910095214844,9491.1015625,-0.012481212615966797,0.987606406211853,-0.1564542055130005,-0.00001621246337890625,0.15646612644195558,0.9876834154129028,0.9999221563339233,0.012329965829849244,-0.0019369125366210938]},{"y":44,"x":98,"__tipo":"Vector2"},1],[{"__tipo":"CFrame","componentes":[-142.8975067138672,-428.6910095214844,9491.1015625,-0.012481212615966797,0.987606406211853,-0.1564542055130005,-0.00001621246337890625,0.15646612644195558,0.9876834154129028,0.9999221563339233,0.012329965829849244,-0.0019369125366210938]},{"y":44,"x":98,"__tipo":"Vector2"},1],[{"__tipo":"CFrame","componentes":[-142.8975067138672,-428.6910095214844,9491.1015625,-0.012481212615966797,0.987606406211853,-0.1564542055130005,-0.00001621246337890625,0.15646612644195558,0.9876834154129028,0.9999221563339233,0.012329965829849244,-0.0019369125366210938]},{"y":44,"x":97,"__tipo":"Vector2"},1],[{"__tipo":"CFrame","componentes":[-142.8975067138672,-428.6910095214844,9491.1015625,-0.012481212615966797,0.987606406211853,-0.1564542055130005,-0.00001621246337890625,0.15646612644195558,0.9876834154129028,0.9999221563339233,0.012329965829849244,-0.0019369125366210938]},{"y":44,"x":97,"__tipo":"Vector2"},1],[{"__tipo":"CFrame","componentes":[-142.8975067138672,-428.6910095214844,9491.1015625,-0.012481212615966797,0.987606406211853,-0.1564542055130005,-0.00001621246337890625,0.15646612644195558,0.9876834154129028,0.9999221563339233,0.012329965829849244,-0.0019369125366210938]},{"y":43,"x":97,"__tipo":"Vector2"},1],[{"__tipo":"CFrame","componentes":[-142.8975067138672,-428.6910095214844,9491.1015625,-0.012481212615966797,0.987606406211853,-0.1564542055130005,-0.00001621246337890625,0.15646612644195558,0.9876834154129028,0.9999221563339233,0.012329965829849244,-0.0019369125366210938]},{"y":43,"x":97,"__tipo":"Vector2"},1],[{"__tipo":"CFrame","componentes":[-142.8975067138672,-428.6910095214844,9491.1015625,-0.012481212615966797,0.987606406211853,-0.1564542055130005,-0.00001621246337890625,0.15646612644195558,0.9876834154129028,0.9999221563339233,0.012329965829849244,-0.0019369125366210938]},{"y":43,"x":97,"__tipo":"Vector2"},1],[{"__tipo":"CFrame","componentes":[-142.8975067138672,-428.6910095214844,9491.1015625,-0.012481212615966797,0.987606406211853,-0.1564542055130005,-0.00001621246337890625,0.15646612644195558,0.9876834154129028,0.9999221563339233,0.012329965829849244,-0.0019369125366210938]},{"y":43,"x":97,"__tipo":"Vector2"},1],[{"__tipo":"CFrame","componentes":[-142.8975067138672,-428.6910095214844,9491.1015625,-0.012481212615966797,0.987606406211853,-0.1564542055130005,-0.00001621246337890625,0.15646612644195558,0.9876834154129028,0.9999221563339233,0.012329965829849244,-0.0019369125366210938]},{"y":43,"x":96,"__tipo":"Vector2"},1],[{"__tipo":"CFrame","componentes":[-142.8975067138672,-428.6910095214844,9491.1015625,-0.012481212615966797,0.987606406211853,-0.1564542055130005,-0.00001621246337890625,0.15646612644195558,0.9876834154129028,0.9999221563339233,0.012329965829849244,-0.0019369125366210938]},{"y":43,"x":96,"__tipo":"Vector2"},1],[{"__tipo":"CFrame","componentes":[-142.8975067138672,-428.6910095214844,9491.1015625,-0.012481212615966797,0.987606406211853,-0.1564542055130005,-0.00001621246337890625,0.15646612644195558,0.9876834154129028,0.9999221563339233,0.012329965829849244,-0.0019369125366210938]},{"y":42,"x":96,"__tipo":"Vector2"},1],[{"__tipo":"CFrame","componentes":[-142.8975067138672,-428.6910095214844,9491.1015625,-0.012481212615966797,0.987606406211853,-0.1564542055130005,-0.00001621246337890625,0.15646612644195558,0.9876834154129028,0.9999221563339233,0.012329965829849244,-0.0019369125366210938]},{"y":42,"x":96,"__tipo":"Vector2"},1],[{"__tipo":"CFrame","componentes":[-142.8975067138672,-428.6910095214844,9491.1015625,-0.012481212615966797,0.987606406211853,-0.1564542055130005,-0.00001621246337890625,0.15646612644195558,0.9876834154129028,0.9999221563339233,0.012329965829849244,-0.0019369125366210938]},{"y":42,"x":95,"__tipo":"Vector2"},1],[{"__tipo":"CFrame","componentes":[-142.8975067138672,-428.6910095214844,9491.1015625,-0.012481212615966797,0.987606406211853,-0.1564542055130005,-0.00001621246337890625,0.15646612644195558,0.9876834154129028,0.9999221563339233,0.012329965829849244,-0.0019369125366210938]},{"y":42,"x":95,"__tipo":"Vector2"},1],[{"__tipo":"CFrame","componentes":[-142.8975067138672,-428.6910095214844,9491.1015625,-0.012481212615966797,0.987606406211853,-0.1564542055130005,-0.00001621246337890625,0.15646612644195558,0.9876834154129028,0.9999221563339233,0.012329965829849244,-0.0019369125366210938]},{"y":42,"x":95,"__tipo":"Vector2"},1],[{"__tipo":"CFrame","componentes":[-142.8975067138672,-428.6910095214844,9491.1015625,-0.012481212615966797,0.987606406211853,-0.1564542055130005,-0.00001621246337890625,0.15646612644195558,0.9876834154129028,0.9999221563339233,0.012329965829849244,-0.0019369125366210938]},{"y":42,"x":95,"__tipo":"Vector2"},1],[{"__tipo":"CFrame","componentes":[-142.8975067138672,-428.6910095214844,9491.1015625,-0.012481212615966797,0.987606406211853,-0.1564542055130005,-0.00001621246337890625,0.15646612644195558,0.9876834154129028,0.9999221563339233,0.012329965829849244,-0.0019369125366210938]},{"y":42,"x":94,"__tipo":"Vector2"},1],[{"__tipo":"CFrame","componentes":[-142.8975067138672,-428.6910095214844,9491.1015625,-0.012481212615966797,0.987606406211853,-0.1564542055130005,-0.00001621246337890625,0.15646612644195558,0.9876834154129028,0.9999221563339233,0.012329965829849244,-0.0019369125366210938]},{"y":42,"x":94,"__tipo":"Vector2"},1],[{"__tipo":"CFrame","componentes":[-142.8975067138672,-428.6910095214844,9491.1015625,-0.012481212615966797,0.987606406211853,-0.1564542055130005,-0.00001621246337890625,0.15646612644195558,0.9876834154129028,0.9999221563339233,0.012329965829849244,-0.0019369125366210938]},{"y":42,"x":93,"__tipo":"Vector2"},1],[{"__tipo":"CFrame","componentes":[-142.8975067138672,-428.6910095214844,9491.1015625,-0.012481212615966797,0.987606406211853,-0.1564542055130005,-0.00001621246337890625,0.15646612644195558,0.9876834154129028,0.9999221563339233,0.012329965829849244,-0.0019369125366210938]},{"y":42,"x":93,"__tipo":"Vector2"},1],[{"__tipo":"CFrame","componentes":[-142.8975067138672,-428.6910095214844,9491.1015625,-0.012481212615966797,0.987606406211853,-0.1564542055130005,-0.00001621246337890625,0.15646612644195558,0.9876834154129028,0.9999221563339233,0.012329965829849244,-0.0019369125366210938]},{"y":42,"x":92,"__tipo":"Vector2"},1],[{"__tipo":"CFrame","componentes":[-142.8975067138672,-428.6910095214844,9491.1015625,-0.012481212615966797,0.987606406211853,-0.1564542055130005,-0.00001621246337890625,0.15646612644195558,0.9876834154129028,0.9999221563339233,0.012329965829849244,-0.0019369125366210938]},{"y":42,"x":92,"__tipo":"Vector2"},1],[{"__tipo":"CFrame","componentes":[-142.8975067138672,-428.6910095214844,9491.1015625,-0.012481212615966797,0.987606406211853,-0.1564542055130005,-0.00001621246337890625,0.15646612644195558,0.9876834154129028,0.9999221563339233,0.012329965829849244,-0.0019369125366210938]},{"y":42,"x":92,"__tipo":"Vector2"},1],[{"__tipo":"CFrame","componentes":[-142.8975067138672,-428.6910095214844,9491.1015625,-0.012481212615966797,0.987606406211853,-0.1564542055130005,-0.00001621246337890625,0.15646612644195558,0.9876834154129028,0.9999221563339233,0.012329965829849244,-0.0019369125366210938]},{"y":42,"x":92,"__tipo":"Vector2"},1],[{"__tipo":"CFrame","componentes":[-142.8975067138672,-428.6910095214844,9491.1015625,-0.012481212615966797,0.987606406211853,-0.1564542055130005,-0.00001621246337890625,0.15646612644195558,0.9876834154129028,0.9999221563339233,0.012329965829849244,-0.0019369125366210938]},{"y":42,"x":91,"__tipo":"Vector2"},1],[{"__tipo":"CFrame","componentes":[-142.8975067138672,-428.6910095214844,9491.1015625,-0.012481212615966797,0.987606406211853,-0.1564542055130005,-0.00001621246337890625,0.15646612644195558,0.9876834154129028,0.9999221563339233,0.012329965829849244,-0.0019369125366210938]},{"y":42,"x":91,"__tipo":"Vector2"},1],[{"__tipo":"CFrame","componentes":[-142.8975067138672,-428.6910095214844,9491.1015625,-0.012481212615966797,0.987606406211853,-0.1564542055130005,-0.00001621246337890625,0.15646612644195558,0.9876834154129028,0.9999221563339233,0.012329965829849244,-0.0019369125366210938]},{"y":42,"x":90,"__tipo":"Vector2"},1],[{"__tipo":"CFrame","componentes":[-142.8975067138672,-428.6910095214844,9491.1015625,-0.012481212615966797,0.987606406211853,-0.1564542055130005,-0.00001621246337890625,0.15646612644195558,0.9876834154129028,0.9999221563339233,0.012329965829849244,-0.0019369125366210938]},{"y":42,"x":90,"__tipo":"Vector2"},1],[{"__tipo":"CFrame","componentes":[-142.8975067138672,-428.6910095214844,9491.1015625,-0.012481212615966797,0.987606406211853,-0.1564542055130005,-0.00001621246337890625,0.15646612644195558,0.9876834154129028,0.9999221563339233,0.012329965829849244,-0.0019369125366210938]},{"y":42,"x":90,"__tipo":"Vector2"},1],[{"__tipo":"CFrame","componentes":[-142.8975067138672,-428.6910095214844,9491.1015625,-0.012481212615966797,0.987606406211853,-0.1564542055130005,-0.00001621246337890625,0.15646612644195558,0.9876834154129028,0.9999221563339233,0.012329965829849244,-0.0019369125366210938]},{"y":42,"x":90,"__tipo":"Vector2"},1],[{"__tipo":"CFrame","componentes":[-142.8975067138672,-428.6910095214844,9491.1015625,-0.012481212615966797,0.987606406211853,-0.1564542055130005,-0.00001621246337890625,0.15646612644195558,0.9876834154129028,0.9999221563339233,0.012329965829849244,-0.0019369125366210938]},{"y":42,"x":89,"__tipo":"Vector2"},1],[{"__tipo":"CFrame","componentes":[-142.8975067138672,-428.6910095214844,9491.1015625,-0.012481212615966797,0.987606406211853,-0.1564542055130005,-0.00001621246337890625,0.15646612644195558,0.9876834154129028,0.9999221563339233,0.012329965829849244,-0.0019369125366210938]},{"y":42,"x":89,"__tipo":"Vector2"},1],[{"__tipo":"CFrame","componentes":[-142.8975067138672,-428.6910095214844,9491.1015625,-0.012481212615966797,0.987606406211853,-0.1564542055130005,-0.00001621246337890625,0.15646612644195558,0.9876834154129028,0.9999221563339233,0.012329965829849244,-0.0019369125366210938]},{"y":42,"x