[[{"__tipo":"CFrame","componentes":[74.42418670654297,-428.6910095214844,9490.8984375,0.012481093406677246,-0.9876063466072083,0.1564541459083557,-0.00001627206802368164,0.15646612644195558,0.9876832962036133,-0.9999220967292786,-0.012329906225204468,0.001936793327331543]},{"y":84,"x":114,"__tipo":"Vector2"},0],[{"__tipo":"CFrame","componentes":[74.42418670654297,-428.6910095214844,9490.8984375,0.012481093406677246,-0.9876063466072083,0.1564541459083557,-0.00001627206802368164,0.15646612644195558,0.9876832962036133,-0.9999220967292786,-0.012329906225204468,0.001936793327331543]},{"y":84,"x":114,"__tipo":"Vector2"},0],[{"__tipo":"CFrame","componentes":[74.42418670654297,-428.6910095214844,9490.8984375,0.012481093406677246,-0.9876063466072083,0.1564541459083557,-0.00001627206802368164,0.15646612644195558,0.9876832962036133,-0.9999220967292786,-0.012329906225204468,0.001936793327331543]},{"y":83,"x":114,"__tipo":"Vector2"},1],[{"__tipo":"CFrame","componentes":[74.42418670654297,-428.6910095214844,9490.8984375,0.012481093406677246,-0.9876063466072083,0.1564541459083557,-0.00001627206802368164,0.15646612644195558,0.9876832962036133,-0.9999220967292786,-0.012329906225204468,0.001936793327331543]},{"y":83,"x":114,"__tipo":"Vector2"},1],[{"__tipo":"CFrame","componentes":[74.42418670654297,-428.6910095214844,9490.8984375,0.012481093406677246,-0.9876063466072083,0.1564541459083557,-0.00001627206802368164,0.15646612644195558,0.9876832962036133,-0.9999220967292786,-0.012329906225204468,0.001936793327331543]},{"y":82,"x":114,"__tipo":"Vector2"},1],[{"__tipo":"CFrame","componentes":[74.42418670654297,-428.6910095214844,9490.8984375,0.012481093406677246,-0.9876063466072083,0.1564541459083557,-0.00001627206802368164,0.15646612644195558,0.9876832962036133,-0.9999220967292786,-0.012329906225204468,0.001936793327331543]},{"y":82,"x":114,"__tipo":"Vector2"},1],[{"__tipo":"CFrame","componentes":[74.42418670654297,-428.6910095214844,9490.8984375,0.012481093406677246,-0.9876063466072083,0.1564541459083557,-0.00001627206802368164,0.15646612644195558,0.9876832962036133,-0.9999220967292786,-0.012329906225204468,0.001936793327331543]},{"y":82,"x":114,"__tipo":"Vector2"},1],[{"__tipo":"CFrame","componentes":[74.42418670654297,-428.6910095214844,9490.8984375,0.012481093406677246,-0.9876063466072083,0.1564541459083557,-0.00001627206802368164,0.15646612644195558,0.9876832962036133,-0.9999220967292786,-0.012329906225204468,0.001936793327331543]},{"y":82,"x":114,"__tipo":"Vector2"},1],[{"__tipo":"CFrame","componentes":[74.42418670654297,-428.6910095214844,9490.8984375,0.012481093406677246,-0.9876063466072083,0.1564541459083557,-0.00001627206802368164,0.15646612644195558,0.9876832962036133,-0.9999220967292786,-0.012329906225204468,0.001936793327331543]},{"y":82,"x":114,"__tipo":"Vector2"},1],[{"__tipo":"CFrame","componentes":[74.42418670654297,-428.6910095214844,9490.8984375,0.012481093406677246,-0.9876063466072083,0.1564541459083557,-0.00001627206802368164,0.15646612644195558,0.9876832962036133,-0.9999220967292786,-0.012329906225204468,0.001936793327331543]},{"y":82,"x":114,"__tipo":"Vector2"},1],[{"__tipo":"CFrame","componentes":[74.42418670654297,-428.6910095214844,9490.8984375,0.012481093406677246,-0.9876063466072083,0.1564541459083557,-0.00001627206802368164,0.15646612644195558,0.9876832962036133,-0.9999220967292786,-0.012329906225204468,0.001936793327331543]},{"y":81,"x":113,"__tipo":"Vector2"},1],[{"__tipo":"CFrame","componentes":[74.42418670654297,-428.6910095214844,9490.8984375,0.012481093406677246,-0.9876063466072083,0.1564541459083557,-0.00001627206802368164,0.15646612644195558,0.9876832962036133,-0.9999220967292786,-0.012329906225204468,0.001936793327331543]},{"y":81,"x":113,"__tipo":"Vector2"},1],[{"__tipo":"CFrame","componentes":[74.42418670654297,-428.6910095214844,9490.8984375,0.012481093406677246,-0.9876063466072083,0.1564541459083557,-0.00001627206802368164,0.15646612644195558,0.9876832962036133,-0.9999220967292786,-0.012329906225204468,0.001936793327331543]},{"y":81,"x":113,"__tipo":"Vector2"},1],[{"__tipo":"CFrame","componentes":[74.42418670654297,-428.6910095214844,9490.8984375,0.012481093406677246,-0.9876063466072083,0.1564541459083557,-0.00001627206802368164,0.15646612644195558,0.9876832962036133,-0.9999220967292786,-0.012329906225204468,0.001936793327331543]},{"y":81,"x":113,"__tipo":"Vector2"},1],[{"__tipo":"CFrame","componentes":[74.42418670654297,-428.6910095214844,9490.8984375,0.012481093406677246,-0.9876063466072083,0.1564541459083557,-0.00001627206802368164,0.15646612644195558,0.9876832962036133,-0.9999220967292786,-0.012329906225204468,0.001936793327331543]},{"y":79,"x":113,"__tipo":"Vector2"},1],[{"__tipo":"CFrame","componentes":[74.42418670654297,-428.6910095214844,9490.8984375,0.012481093406677246,-0.9876063466072083,0.1564541459083557,-0.00001627206802368164,0.15646612644195558,0.9876832962036133,-0.9999220967292786,-0.012329906225204468,0.001936793327331543]},{"y":79,"x":113,"__tipo":"Vector2"},1],[{"__tipo":"CFrame","componentes":[74.42418670654297,-428.6910095214844,9490.8984375,0.012481093406677246,-0.9876063466072083,0.1564541459083557,-0.00001627206802368164,0.15646612644195558,0.9876832962036133,-0.9999220967292786,-0.012329906225204468,0.001936793327331543]},{"y":79,"x":113,"__tipo":"Vector2"},1],[{"__tipo":"CFrame","componentes":[74.42418670654297,-428.6910095214844,9490.8984375,0.012481093406677246,-0.9876063466072083,0.1564541459083557,-0.00001627206802368164,0.15646612644195558,0.9876832962036133,-0.9999220967292786,-0.012329906225204468,0.001936793327331543]},{"y":79,"x":113,"__tipo":"Vector2"},1],[{"__tipo":"CFrame","componentes":[74.42418670654297,-428.6910095214844,9490.8984375,0.012481093406677246,-0.9876063466072083,0.1564541459083557,-0.00001627206802368164,0.15646612644195558,0.9876832962036133,-0.9999220967292786,-0.012329906225204468,0.001936793327331543]},{"y":79,"x":113,"__tipo":"Vector2"},1],[{"__tipo":"CFrame","componentes":[74.42418670654297,-428.6910095214844,9490.8984375,0.012481093406677246,-0.9876063466072083,0.1564541459083557,-0.00001627206802368164,0.15646612644195558,0.9876832962036133,-0.9999220967292786,-0.012329906225204468,0.001936793327331543]},{"y":79,"x":113,"__tipo":"Vector2"},1],[{"__tipo":"CFrame","componentes":[74.42418670654297,-428.6910095214844,9490.8984375,0.012481093406677246,-0.9876063466072083,0.1564541459083557,-0.00001627206802368164,0.15646612644195558,0.9876832962036133,-0.9999220967292786,-0.012329906225204468,0.001936793327331543]},{"y":78,"x":113,"__tipo":"Vector2"},1],[{"__tipo":"CFrame","componentes":[74.42418670654297,-428.6910095214844,9490.8984375,0.012481093406677246,-0.9876063466072083,0.1564541459083557,-0.00001627206802368164,0.15646612644195558,0.9876832962036133,-0.9999220967292786,-0.012329906225204468,0.001936793327331543]},{"y":78,"x":113,"__tipo":"Vector2"},1],[{"__tipo":"CFrame","componentes":[74.42418670654297,-428.6910095214844,9490.8984375,0.012481093406677246,-0.9876063466072083,0.1564541459083557,-0.00001627206802368164,0.15646612644195558,0.9876832962036133,-0.9999220967292786,-0.012329906225204468,0.001936793327331543]},{"y":77,"x":113,"__tipo":"Vector2"},1],[{"__tipo":"CFrame","componentes":[74.42418670654297,-428.6910095214844,9490.8984375,0.012481093406677246,-0.9876063466072083,0.1564541459083557,-0.00001627206802368164,0.15646612644195558,0.9876832962036133,-0.9999220967292786,-0.012329906225204468,0.001936793327331543]},{"y":77,"x":113,"__tipo":"Vector2"},1],[{"__tipo":"CFrame","componentes":[74.42418670654297,-428.6910095214844,9490.8984375,0.012481093406677246,-0.9876063466072083,0.1564541459083557,-0.00001627206802368164,0.15646612644195558,0.9876832962036133,-0.9999220967292786,-0.012329906225204468,0.001936793327331543]},{"y":75,"x":113,"__tipo":"Vector2"},1],[{"__tipo":"CFrame","componentes":[74.42418670654297,-428.6910095214844,9490.8984375,0.012481093406677246,-0.9876063466072083,0.1564541459083557,-0.00001627206802368164,0.15646612644195558,0.9876832962036133,-0.9999220967292786,-0.012329906225204468,0.001936793327331543]},{"y":75,"x":113,"__tipo":"Vector2"},1],[{"__tipo":"CFrame","componentes":[74.42418670654297,-428.6910095214844,9490.8984375,0.012481093406677246,-0.9876063466072083,0.1564541459083557,-0.00001627206802368164,0.15646612644195558,0.9876832962036133,-0.9999220967292786,-0.012329906225204468,0.001936793327331543]},{"y":74,"x":113,"__tipo":"Vector2"},1],[{"__tipo":"CFrame","componentes":[74.42418670654297,-428.6910095214844,9490.8984375,0.012481093406677246,-0.9876063466072083,0.1564541459083557,-0.00001627206802368164,0.15646612644195558,0.9876832962036133,-0.9999220967292786,-0.012329906225204468,0.001936793327331543]},{"y":74,"x":113,"__tipo":"Vector2"},1],[{"__tipo":"CFrame","componentes":[74.42418670654297,-428.6910095214844,9490.8984375,0.012481093406677246,-0.9876063466072083,0.1564541459083557,-0.00001627206802368164,0.15646612644195558,0.9876832962036133,-0.9999220967292786,-0.012329906225204468,0.001936793327331543]},{"y":73,"x":113,"__tipo":"Vector2"},1],[{"__tipo":"CFrame","componentes":[74.42418670654297,-428.6910095214844,9490.8984375,0.012481093406677246,-0.9876063466072083,0.1564541459083557,-0.00001627206802368164,0.15646612644195558,0.9876832962036133,-0.9999220967292786,-0.012329906225204468,0.001936793327331543]},{"y":73,"x":113,"__tipo":"Vector2"},1],[{"__tipo":"CFrame","componentes":[74.42418670654297,-428.6910095214844,9490.8984375,0.012481093406677246,-0.9876063466072083,0.1564541459083557,-0.00001627206802368164,0.15646612644195558,0.9876832962036133,-0.9999220967292786,-0.012329906225204468,0.001936793327331543]},{"y":72,"x":113,"__tipo":"Vector2"},1],[{"__tipo":"CFrame","componentes":[74.42418670654297,-428.6910095214844,9490.8984375,0.012481093406677246,-0.9876063466072083,0.1564541459083557,-0.00001627206802368164,0.15646612644195558,0.9876832962036133,-0.9999220967292786,-0.012329906225204468,0.001936793327331543]},{"y":72,"x":113,"__tipo":"Vector2"},1],[{"__tipo":"CFrame","componentes":[74.42418670654297,-428.6910095214844,9490.8984375,0.012481093406677246,-0.9876063466072083,0.1564541459083557,-0.00001627206802368164,0.15646612644195558,0.9876832962036133,-0.9999220967292786,-0.012329906225204468,0.001936793327331543]},{"y":71,"x":113,"__tipo":"Vector2"},1],[{"__tipo":"CFrame","componentes":[74.42418670654297,-428.6910095214844,9490.8984375,0.012481093406677246,-0.9876063466072083,0.1564541459083557,-0.00001627206802368164,0.15646612644195558,0.9876832962036133,-0.9999220967292786,-0.012329906225204468,0.001936793327331543]},{"y":71,"x":113,"__tipo":"Vector2"},1],[{"__tipo":"CFrame","componentes":[74.42418670654297,-428.6910095214844,9490.8984375,0.012481093406677246,-0.9876063466072083,0.1564541459083557,-0.00001627206802368164,0.15646612644195558,0.9876832962036133,-0.9999220967292786,-0.012329906225204468,0.001936793327331543]},{"y":71,"x":113,"__tipo":"Vector2"},1],[{"__tipo":"CFrame","componentes":[74.42418670654297,-428.6910095214844,9490.8984375,0.012481093406677246,-0.9876063466072083,0.1564541459083557,-0.00001627206802368164,0.15646612644195558,0.9876832962036133,-0.9999220967292786,-0.012329906225204468,0.001936793327331543]},{"y":71,"x":113,"__tipo":"Vector2"},1],[{"__tipo":"CFrame","componentes":[74.42418670654297,-428.6910095214844,9490.8984375,0.012481093406677246,-0.9876063466072083,0.1564541459083557,-0.00001627206802368164,0.15646612644195558,0.9876832962036133,-0.9999220967292786,-0.012329906225204468,0.001936793327331543]},{"y":70,"x":113,"__tipo":"Vector2"},1],[{"__tipo":"CFrame","componentes":[74.42418670654297,-428.6910095214844,9490.8984375,0.012481093406677246,-0.9876063466072083,0.1564541459083557,-0.00001627206802368164,0.15646612644195558,0.9876832962036133,-0.9999220967292786,-0.012329906225204468,0.001936793327331543]},{"y":70,"x":113,"__tipo":"Vector2"},1],[{"__tipo":"CFrame","componentes":[74.42418670654297,-428.6910095214844,9490.8984375,0.012481093406677246,-0.9876063466072083,0.1564541459083557,-0.00001627206802368164,0.15646612644195558,0.9876832962036133,-0.9999220967292786,-0.012329906225204468,0.001936793327331543]},{"y":69,"x":113,"__tipo":"Vector2"},1],[{"__tipo":"CFrame","componentes":[74.42418670654297,-428.6910095214844,9490.8984375,0.012481093406677246,-0.9876063466072083,0.1564541459083557,-0.00001627206802368164,0.15646612644195558,0.9876832962036133,-0.9999220967292786,-0.012329906225204468,0.001936793327331543]},{"y":69,"x":113,"__tipo":"Vector2"},1],[{"__tipo":"CFrame","componentes":[74.42418670654297,-428.6910095214844,9490.8984375,0.012481093406677246,-0.9876063466072083,0.1564541459083557,-0.00001627206802368164,0.15646612644195558,0.9876832962036133,-0.9999220967292786,-0.012329906225204468,0.001936793327331543]},{"y":69,"x":113,"__tipo":"Vector2"},1],[{"__tipo":"CFrame","componentes":[74.42418670654297,-428.6910095214844,9490.8984375,0.012481093406677246,-0.9876063466072083,0.1564541459083557,-0.00001627206802368164,0.15646612644195558,0.9876832962036133,-0.9999220967292786,-0.012329906225204468,0.001936793327331543]},{"y":69,"x":113,"__tipo":"Vector2"},1],[{"__tipo":"CFrame","componentes":[74.42418670654297,-428.6910095214844,9490.8984375,0.012481093406677246,-0.9876063466072083,0.1564541459083557,-0.00001627206802368164,0.15646612644195558,0.9876832962036133,-0.9999220967292786,-0.012329906225204468,0.001936793327331543]},{"y":69,"x":113,"__tipo":"Vector2"},1],[{"__tipo":"CFrame","componentes":[74.42418670654297,-428.6910095214844,9490.8984375,0.012481093406677246,-0.9876063466072083,0.1564541459083557,-0.00001627206802368164,0.15646612644195558,0.9876832962036133,-0.9999220967292786,-0.012329906225204468,0.001936793327331543]},{"y":69,"x":113,"__tipo":"Vector2"},1],[{"__tipo":"CFrame","componentes":[74.42418670654297,-428.6910095214844,9490.8984375,0.012481093406677246,-0.9876063466072083,0.1564541459083557,-0.00001627206802368164,0.15646612644195558,0.9876832962036133,-0.9999220967292786,-0.012329906225204468,0.001936793327331543]},{"y":68,"x":113,"__tipo":"Vector2"},1],[{"__tipo":"CFrame","componentes":[74.42418670654297,-428.6910095214844,9490.8984375,0.012481093406677246,-0.9876063466072083,0.1564541459083557,-0.00001627206802368164,0.15646612644195558,0.9876832962036133,-0.9999220967292786,-0.012329906225204468,0.001936793327331543]},{"y":68,"x":113,"__tipo":"Vector2"},1],[{"__tipo":"CFrame","componentes":[74.42418670654297,-428.6910095214844,9490.8984375,0.012481093406677246,-0.9876063466072083,0.1564541459083557,-0.00001627206802368164,0.15646612644195558,0.9876832962036133,-0.9999220967292786,-0.012329906225204468,0.001936793327331543]},{"y":67,"x":113,"__tipo":"Vector2"},1],[{"__tipo":"CFrame","componentes":[74.42418670654297,-428.6910095214844,9490.8984375,0.012481093406677246,-0.9876063466072083,0.1564541459083557,-0.00001627206802368164,0.15646612644195558,0.9876832962036133,-0.9999220967292786,-0.012329906225204468,0.001936793327331543]},{"y":67,"x":113,"__tipo":"Vector2"},1],[{"__tipo":"CFrame","componentes":[74.42418670654297,-428.6910095214844,9490.8984375,0.012481093406677246,-0.9876063466072083,0.1564541459083557,-0.00001627206802368164,0.15646612644195558,0.9876832962036133,-0.9999220967292786,-0.012329906225204468,0.001936793327331543]},{"y":67,"x":113,"__tipo":"Vector2"},1],[{"__tipo":"CFrame","componentes":[74.42418670654297,-428.6910095214844,9490.8984375,0.012481093406677246,-0.9876063466072083,0.1564541459083557,-0.00001627206802368164,0.15646612644195558,0.9876832962036133,-0.9999220967292786,-0.012329906225204468,0.001936793327331543]},{"y":67,"x":113,"__tipo":"Vector2"},1],[{"__tipo":"CFrame","componentes":[74.42418670654297,-428.6910095214844,9490.8984375,0.012481093406677246,-0.9876063466072083,0.1564541459083557,-0.00001627206802368164,0.15646612644195558,0.9876832962036133,-0.9999220967292786,-0.012329906225204468,0.001936793327331543]},{"y":65,"x":113,"__tipo":"Vector2"},1],[{"__tipo":"CFrame","componentes":[74.42418670654297,-428.6910095214844,9490.8984375,0.012481093406677246,-0.9876063466072083,0.1564541459083557,-0.00001627206802368164,0.15646612644195558,0.9876832962036133,-0.9999220967292786,-0.012329906225204468,0.001936793327331543]},{"y":65,"x":113,"__tipo":"Vector2"},1],[{"__tipo":"CFrame","componentes":[74.42418670654297,-428.6910095214844,9490.8984375,0.012481093406677246,-0.9876063466072083,0.1564541459083557,-0.00001627206802368164,0.15646612644195558,0.9876832962036133,-0.9999220967292786,-0.012329906225204468,0.001936793327331543]},{"y":65,"x":113,"__tipo":"Vector2"},1],[{"__tipo":"CFrame","componentes":[74.42418670654297,-428.6910095214844,9490.8984375,0.012481093406677246,-0.9876063466072083,0.1564541459083557,-0.00001627206802368164,0.15646612644195558,0.9876832962036133,-0.9999220967292786,-0.012329906225204468,0.001936793327331543]},{"y":65,"x":113,"__tipo":"Vector2"},1],[{"__tipo":"CFrame","componentes":[74.42418670654297,-428.6910095214844,9490.8984375,0.012481093406677246,-0.9876063466072083,0.1564541459083557,-0.00001627206802368164,0.15646612644195558,0.9876832962036133,-0.9999220967292786,-0.012329906225204468,0.001936793327331543]},{"y":65,"x":113,"__tipo":"Vector2"},1],[{"__tipo":"CFrame","componentes":[74.42418670654297,-428.6910095214844,9490.8984375,0.012481093406677246,-0.9876063466072083,0.1564541459083557,-0.00001627206802368164,0.15646612644195558,0.9876832962036133,-0.9999220967292786,-0.012329906225204468,0.001936793327331543]},{"y":65,"x":113,"__tipo":"Vector2"},1],[{"__tipo":"CFrame","componentes":[74.42418670654297,-428.6910095214844,9490.8984375,0.012481093406677246,-0.9876063466072083,0.1564541459083557,-0.00001627206802368164,0.15646612644195558,0.9876832962036133,-0.9999220967292786,-0.012329906225204468,0.001936793327331543]},{"y":64,"x":113,"__tipo":"Vector2"},1],[{"__tipo":"CFrame","componentes":[74.42418670654297,-428.6910095214844,9490.8984375,0.012481093406677246,-0.9876063466072083,0.1564541459083557,-0.00001627206802368164,0.15646612644195558,0.9876832962036133,-0.9999220967292786,-0.012329906225204468,0.001936793327331543]},{"y":64,"x":113,"__tipo":"Vector2"},1],[{"__tipo":"CFrame","componentes":[74.42418670654297,-428.6910095214844,9490.8984375,0.012481093406677246,-0.9876063466072083,0.1564541459083557,-0.00001627206802368164,0.15646612644195558,0.9876832962036133,-0.9999220967292786,-0.012329906225204468,0.001936793327331543]},{"y":63,"x":113,"__tipo":"Vector2"},1],[{"__tipo":"CFrame","componentes":[74.42418670654297,-428.6910095214844,9490.8984375,0.012481093406677246,-0.9876063466072083,0.1564541459083557,-0.00001627206802368164,0.15646612644195558,0.9876832962036133,-0.9999220967292786,-0.012329906225204468,0.001936793327331543]},{"y":63,"x":113,"__tipo":"Vector2"},1],[{"__tipo":"CFrame","componentes":[74.42418670654297,-428.6910095214844,9490.8984375,0.012481093406677246,-0.9876063466072083,0.1564541459083557,-0.00001627206802368164,0.15646612644195558,0.9876832962036133,-0.9999220967292786,-0.012329906225204468,0.001936793327331543]},{"y":62,"x":113,"__tipo":"Vector2"},1],[{"__tipo":"CFrame","componentes":[74.42418670654297,-428.6910095214844,9490.8984375,0.012481093406677246,-0.9876063466072083,0.1564541459083557,-0.00001627206802368164,0.15646612644195558,0.9876832962036133,-0.9999220967292786,-0.012329906225204468,0.001936793327331543]},{"y":62,"x":113,"__tipo":"Vector2"},1],[{"__tipo":"CFrame","componentes":[74.42418670654297,-428.6910095214844,9490.8984375,0.012481093406677246,-0.9876063466072083,0.1564541459083557,-0.00001627206802368164,0.15646612644195558,0.9876832962036133,-0.9999220967292786,-0.012329906225204468,0.001936793327331543]},{"y":61,"x":113,"__tipo":"Vector2"},1],[{"__tipo":"CFrame","componentes":[74.42418670654297,-428.6910095214844,9490.8984375,0.012481093406677246,-0.9876063466072083,0.1564541459083557,-0.00001627206802368164,0.15646612644195558,0.9876832962036133,-0.9999220967292786,-0.012329906225204468,0.001936793327331543]},{"y":61,"x":113,"__tipo":"Vector2"},1],[{"__tipo":"CFrame","componentes":[74.42418670654297,-428.6910095214844,9490.8984375,0.012481093406677246,-0.9876063466072083,0.1564541459083557,-0.00001627206802368164,0.15646612644195558,0.9876832962036133,-0.9999220967292786,-0.012329906225204468,0.001936793327331543]},{"y":60,"x":113,"__tipo":"Vector2"},1],[{"__tipo":"CFrame","componentes":[74.42418670654297,-428.6910095214844,9490.8984375,0.012481093406677246,-0.9876063466072083,0.1564541459083557,-0.00001627206802368164,0.15646612644195558,0.9876832962036133,-0.9999220967292786,-0.012329906225204468,0.001936793327331543]},{"y":60,"x":113,"__tipo":"Vector2"},1],[{"__tipo":"CFrame","componentes":[74.42418670654297,-428.6910095214844,9490.8984375,0.012481093406677246,-0.9876063466072083,0.1564541459083557,-0.00001627206802368164,0.15646612644195558,0.9876832962036133,-0.9999220967292786,-0.012329906225204468,0.001936793327331543]},{"y":59,"x":113,"__tipo":"Vector2"},1],[{"__tipo":"CFrame","componentes":[74.42418670654297,-428.6910095214844,9490.8984375,0.012481093406677246,-0.9876063466072083,0.1564541459083557,-0.00001627206802368164,0.15646612644195558,0.9876832962036133,-0.9999220967292786,-0.012329906225204468,0.001936793327331543]},{"y":59,"x":113,"__tipo":"Vector2"},1],[{"__tipo":"CFrame","componentes":[74.42418670654297,-428.6910095214844,9490.8984375,0.012481093406677246,-0.9876063466072083,0.1564541459083557,-0.00001627206802368164,0.15646612644195558,0.9876832962036133,-0.9999220967292786,-0.012329906225204468,0.001936793327331543]},{"y":58,"x":113,"__tipo":"Vector2"},1],[{"__tipo":"CFrame","componentes":[74.42418670654297,-428.6910095214844,9490.8984375,0.012481093406677246,-0.9876063466072083,0.1564541459083557,-0.00001627206802368164,0.15646612644195558,0.9876832962036133,-0.9999220967292786,-0.012329906225204468,0.001936793327331543]},{"y":58,"x":113,"__tipo":"Vector2"},1],[{"__tipo":"CFrame","componentes":[74.42418670654297,-428.6910095214844,9490.8984375,0.012481093406677246,-0.9876063466072083,0.1564541459083557,-0.00001627206802368164,0.15646612644195558,0.9876832962036133,-0.9999220967292786,-0.012329906225204468,0.001936793327331543]},{"y":57,"x":113,"__tipo":"Vector2"},1],[{"__tipo":"CFrame","componentes":[74.42418670654297,-428.6910095214844,9490.8984375,0.012481093406677246,-0.9876063466072083,0.1564541459083557,-0.00001627206802368164,0.15646612644195558,0.9876832962036133,-0.9999220967292786,-0.012329906225204468,0.001936793327331543]},{"y":57,"x":113,"__tipo":"Vector2"},1],[{"__tipo":"CFrame","componentes":[74.42418670654297,-428.6910095214844,9490.8984375,0.012481093406677246,-0.9876063466072083,0.1564541459083557,-0.00001627206802368164,0.15646612644195558,0.9876832962036133,-0.9999220967292786,-0.012329906225204468,0.001936793327331543]},{"y":56,"x":113,"__tipo":"Vector2"},1],[{"__tipo":"CFrame","componentes":[74.42418670654297,-428.6910095214844,9490.8984375,0.012481093406677246,-0.9876063466072083,0.1564541459083557,-0.00001627206802368164,0.15646612644195558,0.9876832962036133,-0.9999220967292786,-0.012329906225204468,0.001936793327331543]},{"y":56,"x":113,"__tipo":"Vector2"},1],[{"__tipo":"CFrame","componentes":[74.42418670654297,-428.6910095214844,9490.8984375,0.012481093406677246,-0.9876063466072083,0.1564541459083557,-0.00001627206802368164,0.15646612644195558,0.9876832962036133,-0.9999220967292786,-0.012329906225204468,0.001936793327331543]},{"y":55,"x":113,"__tipo":"Vector2"},1],[{"__tipo":"CFrame","componentes":[74.42418670654297,-428.6910095214844,9490.8984375,0.012481093406677246,-0.9876063466072083,0.1564541459083557,-0.00001627206802368164,0.15646612644195558,0.9876832962036133,-0.9999220967292786,-0.012329906225204468,0.001936793327331543]},{"y":55,"x":113,"__tipo":"Vector2"},1],[{"__tipo":"CFrame","componentes":[74.42418670654297,-428.6910095214844,9490.8984375,0.012481093406677246,-0.9876063466072083,0.1564541459083557,-0.00001627206802368164,0.15646612644195558,0.9876832962036133,-0.9999220967292786,-0.012329906225204468,0.001936793327331543]},{"y":55,"x":113,"__tipo":"Vector2"},1],[{"__tipo":"CFrame","componentes":[74.42418670654297,-428.6910095214844,9490.8984375,0.012481093406677246,-0.9876063466072083,0.1564541459083557,-0.00001627206802368164,0.15646612644195558,0.9876832962036133,-0.9999220967292786,-0.012329906225204468,0.001936793327331543]},{"y":55,"x":113,"__tipo":"Vector2"},1],[{"__tipo":"CFrame","componentes":[74.42418670654297,-428.6910095214844,9490.8984375,0.012481093406677246,-0.9876063466072083,0.1564541459083557,-0.00001627206802368164,0.15646612644195558,0.9876832962036133,-0.9999220967292786,-0.012329906225204468,0.001936793327331543]},{"y":52,"x":113,"__tipo":"Vector2"},1],[{"__tipo":"CFrame","componentes":[74.42418670654297,-428.6910095214844,9490.8984375,0.012481093406677246,-0.9876063466072083,0.1564541459083557,-0.00001627206802368164,0.15646612644195558,0.9876832962036133,-0.9999220967292786,-0.012329906225204468,0.001936793327331543]},{"y":52,"x":113,"__tipo":"Vector2"},1],[{"__tipo":"CFrame","componentes":[74.42418670654297,-428.6910095214844,9490.8984375,0.012481093406677246,-0.9876063466072083,0.1564541459083557,-0.00001627206802368164,0.15646612644195558,0.9876832962036133,-0.9999220967292786,-0.012329906225204468,0.001936793327331543]},{"y":51,"x":113,"__tipo":"Vector2"},1],[{"__tipo":"CFrame","componentes":[74.42418670654297,-428.6910095214844,9490.8984375,0.012481093406677246,-0.9876063466072083,0.1564541459083557,-0.00001627206802368164,0.15646612644195558,0.9876832962036133,-0.9999220967292786,-0.012329906225204468,0.001936793327331543]},{"y":51,"x":113,"__tipo":"Vector2"},1],[{"__tipo":"CFrame","componentes":[74.42418670654297,-428.6910095214844,9490.8984375,0.012481093406677246,-0.9876063466072083,0.1564541459083557,-0.00001627206802368164,0.15646612644195558,0.9876832962036133,-0.9999220967292786,-0.012329906225204468,0.001936793327331543]},{"y":51,"x":113,"__tipo":"Vector2"},1],[{"__tipo":"CFrame","componentes":[74.42418670654297,-428.6910095214844,9490.8984375,0.012481093406677246,-0.9876063466072083,0.1564541459083557,-0.00001627206802368164,0.15646612644195558,0.9876832962036133,-0.9999220967292786,-0.012329906225204468,0.001936793327331543]},{"y":51,"x":113,"__tipo":"Vector2"},1],[{"__tipo":"CFrame","componentes":[74.42418670654297,-428.6910095214844,9490.8984375,0.012481093406677246,-0.9876063466072083,0.1564541459083557,-0.00001627206802368164,0.15646612644195558,0.9876832962036133,-0.9999220967292786,-0.012329906225204468,0.001936793327331543]},{"y":50,"x":113,"__tipo":"Vector2"},1],[{"__tipo":"CFrame","componentes":[74.42418670654297,-428.6910095214844,9490.8984375,0.012481093406677246,-0.9876063466072083,0.1564541459083557,-0.00001627206802368164,0.15646612644195558,0.9876832962036133,-0.9999220967292786,-0.012329906225204468,0.001936793327331543]},{"y":50,"x":113,"__tipo":"Vector2"},1],[{"__tipo":"CFrame","componentes":[74.42418670654297,-428.6910095214844,9490.8984375,0.012481093406677246,-0.9876063466072083,0.1564541459083557,-0.00001627206802368164,0.15646612644195558,0.9876832962036133,-0.9999220967292786,-0.012329906225204468,0.001936793327331543]},{"y":48,"x":113,"__tipo":"Vector2"},1],[{"__tipo":"CFrame","componentes":[74.42418670654297,-428.6910095214844,9490.8984375,0.012481093406677246,-0.9876063466072083,0.1564541459083557,-0.00001627206802368164,0.15646612644195558,0.9876832962036133,-0.9999220967292786,-0.012329906225204468,0.001936793327331543]},{"y":48,"x":113,"__tipo":"Vector2"},1],[{"__tipo":"CFrame","componentes":[74.42418670654297,-428.6910095214844,9490.8984375,0.012481093406677246,-0.9876063466072083,0.1564541459083557,-0.00001627206802368164,0.15646612644195558,0.9876832962036133,-0.9999220967292786,-0.012329906225204468,0.001936793327331543]},{"y":46,"x":113,"__tipo":"Vector2"},1],[{"__tipo":"CFrame","componentes":[74.42418670654297,-428.6910095214844,9490.8984375,0.012481093406677246,-0.9876063466072083,0.1564541459083557,-0.00001627206802368164,0.15646612644195558,0.9876832962036133,-0.9999220967292786,-0.012329906225204468,0.001936793327331543]},{"y":46,"x":113,"__tipo":"Vector2"},1],[{"__tipo":"CFrame","componentes":[74.42418670654297,-428.6910095214844,9490.8984375,0.012481093406677246,-0.9876063466072083,0.1564541459083557,-0.00001627206802368164,0.15646612644195558,0.9876832962036133,-0.9999220967292786,-0.012329906225204468,0.001936793327331543]},{"y":46,"x":113,"__tipo":"Vector2"},1],[{"__tipo":"CFrame","componentes":[74.42418670654297,-428.6910095214844,9490.8984375,0.012481093406677246,-0.9876063466072083,0.1564541459083557,-0.00001627206802368164,0.15646612644195558,0.9876832962036133,-0.9999220967292786,-0.012329906225204468,0.001936793327331543]},{"y":46,"x":113,"__tipo":"Vector2"},1],[{"__tipo":"CFrame","componentes":[74.42418670654297,-428.6910095214844,9490.8984375,0.012481093406677246,-0.9876063466072083,0.1564541459083557,-0.00001627206802368164,0.15646612644195558,0.9876832962036133,-0.9999220967292786,-0.012329906225204468,0.001936793327331543]},{"y":44,"x":113,"__tipo":"Vector2"},1],[{"__tipo":"CFrame","componentes":[74.42418670654297,-428.6910095214844,9490.8984375,0.012481093406677246,-0.9876063466072083,0.1564541459083557,-0.00001627206802368164,0.15646612644195558,0.9876832962036133,-0.9999220967292786,-0.012329906225204468,0.001936793327331543]},{"y":44,"x":113,"__tipo":"Vector2"},1],[{"__tipo":"CFrame","componentes":[74.42418670654297,-428.6910095214844,9490.8984375,0.012481093406677246,-0.9876063466072083,0.1564541459083557,-0.00001627206802368164,0.15646612644195558,0.9876832962036133,-0.9999220967292786,-0.012329906225204468,0.001936793327331543]},{"y":43,"x":113,"__tipo":"Vector2"},1],[{"__tipo":"CFrame","componentes":[74.42418670654297,-428.6910095214844,9490.8984375,0.012481093406677246,-0.9876063466072083,0.1564541459083557,-0.00001627206802368164,0.15646612644195558,0.9876832962036133,-0.9999220967292786,-0.012329906225204468,0.001936793327331543]},{"y":43,"x":113,"__tipo":"Vector2"},1],[{"__tipo":"CFrame","componentes":[74.42418670654297,-428.6910095214844,9490.8984375,0.012481093406677246,-0.9876063466072083,0.1564541459083557,-0.00001627206802368164,0.15646612644195558,0.9876832962036133,-0.9999220967292786,-0.012329906225204468,0.001936793327331543]},{"y":42,"x":113,"__tipo":"Vector2"},1],[{"__tipo":"CFrame","componentes":[74.42418670654297,-428.6910095214844,9490.8984375,0.012481093406677246,-0.9876063466072083,0.1564541459083557,-0.00001627206802368164,0.15646612644195558,0.9876832962036133,-0.9999220967292786,-0.012329906225204468,0.001936793327331543]},{"y":42,"x":113,"__tipo":"Vector2"},1],[{"__tipo":"CFrame","componentes":[74.42418670654297,-428.6910095214844,9490.8984375,0.012481093406677246,-0.9876063466072083,0.1564541459083557,-0.00001627206802368164,0.15646612644195558,0.9876832962036133,-0.9999220967292786,-0.012329906225204468,0.001936793327331543]},{"y":41,"x":113,"__tipo":"Vector2"},1],[{"__tipo":"CFrame","componentes":[74.42418670654297,-428.6910095214844,9490.8984375,0.012481093406677246,-0.9876063466072083,0.1564541459083557,-0.00001627206802368164,0.15646612644195558,0.9876832962036133,-0.9999220967292786,-0.012329906225204468,0.001936793327331543]},{"y":41,"x":113,"__tipo":"Vector2"},1],[{"__tipo":"CFrame","componentes":[74.42418670654297,-428.6910095214844,9490.8984375,0.012481093406677246,-0.9876063466072083,0.1564541459083557,-0.00001627206802368164,0.15646612644195558,0.9876832962036133,-0.9999220967292786,-0.012329906225204468,0.001936793327331543]},{"y":39,"x":113,"__tipo":"Vector2"},1],[{"__tipo":"CFrame","componentes":[74.42418670654297,-428.6910095214844,9490.8984375,0.012481093406677246,-0.9876063466072083,0.1564541459083557,-0.00001627206802368164,0.15646612644195558,0.9876832962036133,-0.9999220967292786,-0.012329906225204468,0.001936793327331543]},{"y":39,"x":113,"__tipo":"Vector2"},1],[{"__tipo":"CFrame","componentes":[74.42418670654297,-428.6910095214844,9490.8984375,0.012481093406677246,-0.9876063466072083,0.1564541459083557,-0.00001627206802368164,0.15646612644195558,0.9876832962036133,-0.9999220967292786,-0.012329906225204468,0.001936793327331543]},{"y":38,"x":113,"__tipo":"Vector2"},1],[{"__tipo":"CFrame","componentes":[74.42418670654297,-428.6910095214844,9490.8984375,0.012481093406677246,-0.9876063466072083,0.1564541459083557,-0.00001627206802368164,0.15646612644195558,0.9876832962036133,-0.9999220967292786,-0.012329906225204468,0.001936793327331543]},{"y":38,"x":113,"__tipo":"Vector2"},1],[{"__tipo":"CFrame","componentes":[74.42418670654297,-428.6910095214844,9490.8984375,0.012481093406677246,-0.9876063466072083,0.1564541459083557,-0.00001627206802368164,0.15646612644195558,0.9876832962036133,-0.9999220967292786,-0.012329906225204468,0.001936793327331543]},{"y":37,"x":113,"__tipo":"Vector2"},1],[{"__tipo":"CFrame","componentes":[74.42418670654297,-428.6910095214844,9490.8984375,0.012481093406677246,-0.9876063466072083,0.1564541459083557,-0.00001627206802368164,0.15646612644195558,0.9876832962036133,-0.9999220967292786,-0.012329906225204468,0.001936793327331543]},{"y":37,"x":113,"__tipo":"Vector2"},1],[{"__tipo":"CFrame","componentes":[74.42418670654297,-428.6910095214844,9490.8984375,0.012481093406677246,-0.9876063466072083,0.1564541459083557,-0.00001627206802368164,0.15646612644195558,0.9876832962036133,-0.9999220967292786,-0.012329906225204468,0.001936793327331543]},{"y":35,"x":113,"__tipo":"Vector2"},1],[{"__tipo":"CFrame","componentes":[74.42418670654297,-428.6910095214844,9490.8984375,0.012481093406677246,-0.9876063466072083,0.1564541459083557,-0.00001627206802368164,0.15646612644195558,0.9876832962036133,-0.9999220967292786,-0.012329906225204468,0.001936793327331543]},{"y":35,"x":113,"__tipo":"Vector2"},1],[{"__tipo":"CFrame","componentes":[74.42418670654297,-428.6910095214844,9490.8984375,0.012481093406677246,-0.9876063466072083,0.1564541459083557,-0.00001627206802368164,0.15646612644195558,0.9876832962036133,-0.9999220967292786,-0.012329906225204468,0.001936793327331543]},{"y":34,"x":113,"__tipo":"Vector2"},1],[{"__tipo":"CFrame","componentes":[74.42418670654297,-428.6910095214844,9490.8984375,0.012481093406677246,-0.9876063466072083,0.1564541459083557,-0.00001627206802368164,0.15646612644195558,0.9876832962036133,-0.9999220967292786,-0.012329906225204468,0.001936793327331543]},{"y":34,"x":113,"__tipo":"Vector2"},1],[{"__tipo":"CFrame","componentes":[74.42418670654297,-428.6910095214844,9490.8984375,0.012481093406677246,-0.9876063466072083,0.1564541459083557,-0.00001627206802368164,0.15646612644195558,0.9876832962036133,-0.9999220967292786,-0.012329906225204468,0.001936793327331543]},{"y":34,"x":113,"__tipo":"Vector2"},1],[{"__tipo":"CFrame","componentes":[74.42418670654297,-428.6910095214844,9490.8984375,0.012481093406677246,-0.9876063466072083,0.1564541459083557,-0.00001627206802368164,0.15646612644195558,0.9876832962036133,-0.9999220967292786,-0.012329906225204468,0.001936793327331543]},{"y":34,"x":113,"__tipo":"Vector2"},1],[{"__tipo":"CFrame","componentes":[74.42418670654297,-428.6910095214844,9490.8984375,0.012481093406677246,-0.9876063466072083,0.1564541459083557,-0.00001627206802368164,0.15646612644195558,0.9876832962036133,-0.9999220967292786,-0.012329906225204468,0.001936793327331543]},{"y":33,"x":113,"__tipo":"Vector2"},1],[{"__tipo":"CFrame","componentes":[74.42418670654297,-428.6910095214844,9490.8984375,0.012481093406677246,-0.9876063466072083,0.1564541459083557,-0.00001627206802368164,0.15646612644195558,0.9876832962036133,-0.9999220967292786,-0.012329906225204468,0.001936793327331543]},{"y":33,"x":113,"__tipo":"Vector2"},1],[{"__tipo":"CFrame","componentes":[74.42418670654297,-428.6910095214844,9490.8984375,0.012481093406677246,-0.9876063466072083,0.1564541459083557,-0.00001627206802368164,0.15646612644195558,0.9876832962036133,-0.9999220967292786,-0.012329906225204468,0.001936793327331543]},{"y":32,"x":113,"__tipo":"Vector2"},1],[{"__tipo":"CFrame","componentes":[74.42418670654297,-428.6910095214844,9490.8984375,0.012481093406677246,-0.9876063466072083,0.1564541459083557,-0.00001627206802368164,0.15646612644195558,0.9876832962036133,-0.9999220967292786,-0.012329906225204468,0.001936793327331543]},{"y":32,"x":113,"__tipo":"Vector2"},1],[{"__tipo":"CFrame","componentes":[74.42418670654297,-428.6910095214844,9490.8984375,0.012481093406677246,-0.9876063466072083,0.1564541459083557,-0.00001627206802368164,0.15646612644195558,0.9876832962036133,-0.9999220967292786,-0.012329906225204468,0.001936793327331543]},{"y":32,"x":113,"__tipo":"Vector2"},1],[{"__tipo":"CFrame","componentes":[74.42418670654297,-428.6910095214844,9490.8984375,0.012481093406677246,-0.9876063466072083,0.1564541459083557,-0.00001627206802368164,0.15646612644195558,0.9876832962036133,-0.9999220967292786,-0.012329906225204468,0.001936793327331543]},{"y":32,"x":113,"__tipo":"Vector2"},1],[{"__tipo":"CFrame","componentes":[74.42418670654297,-428.6910095214844,9490.8984375,0.012481093406677246,-0.9876063466072083,0.1564541459083557,-0.00001627206802368164,0.15646612644195558,0.9876832962036133,-0.9999220967292786,-0.012329906225204468,0.001936793327331543]},{"y":31,"x":113,"__tipo":"Vector2"},1],[{"__tipo":"CFrame","componentes":[74.42418670654297,-428.6910095214844,9490.8984375,0.012481093406677246,-0.9876063466072083,0.1564541459083557,-0.00001627206802368164,0.15646612644195558,0.9876832962036133,-0.9999220967292786,-0.012329906225204468,0.001936793327331543]},{"y":31,"x":113,"__tipo":"Vector2"},1],[{"__tipo":"CFrame","componentes":[74.42418670654297,-428.6910095214844,9490.8984375,0.012481093406677246,-0.9876063466072083,0.1564541459083557,-0.00001627206802368164,0.15646612644195558,0.9876832962036133,-0.9999220967292786,-0.012329906225204468,0.001936793327331543]},{"y":31,"x":113,"__tipo":"Vector2"},1],[{"__tipo":"CFrame","componentes":[74.42418670654297,-428.6910095214844,9490.8984375,0.012481093406677246,-0.9876063466072083,0.1564541459083557,-0.00001627206802368164,0.15646612644195558,0.9876832962036133,-0.9999220967292786,-0.012329906225204468,0.001936793327331543]},{"y":31,"x":113,"__tipo":"Vector2"},1],[{"__tipo":"CFrame","componentes":[74.42418670654297,-428.6910095214844,9490.8984375,0.012481093406677246,-0.9876063466072083,0.1564541459083557,-0.00001627206802368164,0.15646612644195558,0.9876832962036133,-0.9999220967292786,-0.012329906225204468,0.001936793327331543]},{"y":30,"x":113,"__tipo":"Vector2"},1],[{"__tipo":"CFrame","componentes":[74.42418670654297,-428.6910095214844,9490.8984375,0.012481093406677246,-0.9876063466072083,0.1564541459083557,-0.00001627206802368164,0.15646612644195558,0.9876832962036133,-0.9999220967292786,-0.012329906225204468,0.001936793327331543]},{"y":30,"x":113,"__tipo":"Vector2"},1],[{"__tipo":"CFrame","componentes":[74.42418670654297,-428.6910095214844,9490.8984375,0.012481093406677246,-0.9876063466072083,0.1564541459083557,-0.00001627206802368164,0.15646612644195558,0.9876832962036133,-0.9999220967292786,-0.012329906225204468,0.001936793327331543]},{"y":29,"x":113,"__tipo":"Vector2"},1],[{"__tipo":"CFrame","componentes":[74.42418670654297,-428.6910095214844,9490.8984375,0.012481093406677246,-0.9876063466072083,0.1564541459083557,-0.00001627206802368164,0.15646612644195558,0.9876832962036133,-0.9999220967292786,-0.012329906225204468,0.001936793327331543]},{"y":29,"x":113,"__tipo":"Vector2"},1],[{"__tipo":"CFrame","componentes":[74.42418670654297,-428.6910095214844,9490.8984375,0.012481093406677246,-0.9876063466072083,0.1564541459083557,-0.00001627206802368164,0.15646612644195558,0.9876832962036133,-0.9999220967292786,-0.012329906225204468,0.001936793327331543]},{"y":29,"x":113,"__tipo":"Vector2"},1],[{"__tipo":"CFrame","componentes":[74.42418670654297,-428.6910095214844,9490.8984375,0.012481093406677246,-0.9876063466072083,0.1564541459083557,-0.00001627206802368164,0.15646612644195558,0.9876832962036133,-0.9999220967292786,-0.012329906225204468,0.001936793327331543]},{"y":29,"x":113,"__tipo":"Vector2"},1],[{"__tipo":"CFrame","componentes":[74.42418670654297,-428.69100