[[{"__tipo":"CFrame","componentes":[-172.4226837158203,-428.6910095214844,9491.1005859375,0.012481093406677246,-0.9876063466072083,0.1564541459083557,-0.00001627206802368164,0.15646612644195558,0.9876832962036133,-0.9999220967292786,-0.012329906225204468,0.001936793327331543]},{"y":75,"x":95,"__tipo":"Vector2"},0],[{"__tipo":"CFrame","componentes":[-172.4226837158203,-428.6910095214844,9491.1005859375,0.012481093406677246,-0.9876063466072083,0.1564541459083557,-0.00001627206802368164,0.15646612644195558,0.9876832962036133,-0.9999220967292786,-0.012329906225204468,0.001936793327331543]},{"y":75,"x":95,"__tipo":"Vector2"},1],[{"__tipo":"CFrame","componentes":[-172.4226837158203,-428.6910095214844,9491.1005859375,0.012481093406677246,-0.9876063466072083,0.1564541459083557,-0.00001627206802368164,0.15646612644195558,0.9876832962036133,-0.9999220967292786,-0.012329906225204468,0.001936793327331543]},{"y":75,"x":95,"__tipo":"Vector2"},1],[{"__tipo":"CFrame","componentes":[-172.4226837158203,-428.6910095214844,9491.1005859375,0.012481093406677246,-0.9876063466072083,0.1564541459083557,-0.00001627206802368164,0.15646612644195558,0.9876832962036133,-0.9999220967292786,-0.012329906225204468,0.001936793327331543]},{"y":75,"x":95,"__tipo":"Vector2"},1],[{"__tipo":"CFrame","componentes":[-172.4226837158203,-428.6910095214844,9491.1005859375,0.012481093406677246,-0.9876063466072083,0.1564541459083557,-0.00001627206802368164,0.15646612644195558,0.9876832962036133,-0.9999220967292786,-0.012329906225204468,0.001936793327331543]},{"y":75,"x":95,"__tipo":"Vector2"},1],[{"__tipo":"CFrame","componentes":[-172.4226837158203,-428.6910095214844,9491.1005859375,0.012481093406677246,-0.9876063466072083,0.1564541459083557,-0.00001627206802368164,0.15646612644195558,0.9876832962036133,-0.9999220967292786,-0.012329906225204468,0.001936793327331543]},{"y":74,"x":95,"__tipo":"Vector2"},1],[{"__tipo":"CFrame","componentes":[-172.4226837158203,-428.6910095214844,9491.1005859375,0.012481093406677246,-0.9876063466072083,0.1564541459083557,-0.00001627206802368164,0.15646612644195558,0.9876832962036133,-0.9999220967292786,-0.012329906225204468,0.001936793327331543]},{"y":74,"x":95,"__tipo":"Vector2"},1],[{"__tipo":"CFrame","componentes":[-172.4226837158203,-428.6910095214844,9491.1005859375,0.012481093406677246,-0.9876063466072083,0.1564541459083557,-0.00001627206802368164,0.15646612644195558,0.9876832962036133,-0.9999220967292786,-0.012329906225204468,0.001936793327331543]},{"y":71,"x":95,"__tipo":"Vector2"},1],[{"__tipo":"CFrame","componentes":[-172.4226837158203,-428.6910095214844,9491.1005859375,0.012481093406677246,-0.9876063466072083,0.1564541459083557,-0.00001627206802368164,0.15646612644195558,0.9876832962036133,-0.9999220967292786,-0.012329906225204468,0.001936793327331543]},{"y":71,"x":95,"__tipo":"Vector2"},1],[{"__tipo":"CFrame","componentes":[-172.4226837158203,-428.6910095214844,9491.1005859375,0.012481093406677246,-0.9876063466072083,0.1564541459083557,-0.00001627206802368164,0.15646612644195558,0.9876832962036133,-0.9999220967292786,-0.012329906225204468,0.001936793327331543]},{"y":71,"x":95,"__tipo":"Vector2"},1],[{"__tipo":"CFrame","componentes":[-172.4226837158203,-428.6910095214844,9491.1005859375,0.012481093406677246,-0.9876063466072083,0.1564541459083557,-0.00001627206802368164,0.15646612644195558,0.9876832962036133,-0.9999220967292786,-0.012329906225204468,0.001936793327331543]},{"y":71,"x":95,"__tipo":"Vector2"},1],[{"__tipo":"CFrame","componentes":[-172.4226837158203,-428.6910095214844,9491.1005859375,0.012481093406677246,-0.9876063466072083,0.1564541459083557,-0.00001627206802368164,0.15646612644195558,0.9876832962036133,-0.9999220967292786,-0.012329906225204468,0.001936793327331543]},{"y":69,"x":95,"__tipo":"Vector2"},1],[{"__tipo":"CFrame","componentes":[-172.4226837158203,-428.6910095214844,9491.1005859375,0.012481093406677246,-0.9876063466072083,0.1564541459083557,-0.00001627206802368164,0.15646612644195558,0.9876832962036133,-0.9999220967292786,-0.012329906225204468,0.001936793327331543]},{"y":69,"x":95,"__tipo":"Vector2"},1],[{"__tipo":"CFrame","componentes":[-172.4226837158203,-428.6910095214844,9491.1005859375,0.012481093406677246,-0.9876063466072083,0.1564541459083557,-0.00001627206802368164,0.15646612644195558,0.9876832962036133,-0.9999220967292786,-0.012329906225204468,0.001936793327331543]},{"y":69,"x":95,"__tipo":"Vector2"},1],[{"__tipo":"CFrame","componentes":[-172.4226837158203,-428.6910095214844,9491.1005859375,0.012481093406677246,-0.9876063466072083,0.1564541459083557,-0.00001627206802368164,0.15646612644195558,0.9876832962036133,-0.9999220967292786,-0.012329906225204468,0.001936793327331543]},{"y":69,"x":95,"__tipo":"Vector2"},1],[{"__tipo":"CFrame","componentes":[-172.4226837158203,-428.6910095214844,9491.1005859375,0.012481093406677246,-0.9876063466072083,0.1564541459083557,-0.00001627206802368164,0.15646612644195558,0.9876832962036133,-0.9999220967292786,-0.012329906225204468,0.001936793327331543]},{"y":68,"x":95,"__tipo":"Vector2"},1],[{"__tipo":"CFrame","componentes":[-172.4226837158203,-428.6910095214844,9491.1005859375,0.012481093406677246,-0.9876063466072083,0.1564541459083557,-0.00001627206802368164,0.15646612644195558,0.9876832962036133,-0.9999220967292786,-0.012329906225204468,0.001936793327331543]},{"y":68,"x":95,"__tipo":"Vector2"},1],[{"__tipo":"CFrame","componentes":[-172.4226837158203,-428.6910095214844,9491.1005859375,0.012481093406677246,-0.9876063466072083,0.1564541459083557,-0.00001627206802368164,0.15646612644195558,0.9876832962036133,-0.9999220967292786,-0.012329906225204468,0.001936793327331543]},{"y":67,"x":95,"__tipo":"Vector2"},1],[{"__tipo":"CFrame","componentes":[-172.4226837158203,-428.6910095214844,9491.1005859375,0.012481093406677246,-0.9876063466072083,0.1564541459083557,-0.00001627206802368164,0.15646612644195558,0.9876832962036133,-0.9999220967292786,-0.012329906225204468,0.001936793327331543]},{"y":67,"x":95,"__tipo":"Vector2"},1],[{"__tipo":"CFrame","componentes":[-172.4226837158203,-428.6910095214844,9491.1005859375,0.012481093406677246,-0.9876063466072083,0.1564541459083557,-0.00001627206802368164,0.15646612644195558,0.9876832962036133,-0.9999220967292786,-0.012329906225204468,0.001936793327331543]},{"y":65,"x":95,"__tipo":"Vector2"},1],[{"__tipo":"CFrame","componentes":[-172.4226837158203,-428.6910095214844,9491.1005859375,0.012481093406677246,-0.9876063466072083,0.1564541459083557,-0.00001627206802368164,0.15646612644195558,0.9876832962036133,-0.9999220967292786,-0.012329906225204468,0.001936793327331543]},{"y":65,"x":95,"__tipo":"Vector2"},1],[{"__tipo":"CFrame","componentes":[-172.4226837158203,-428.6910095214844,9491.1005859375,0.012481093406677246,-0.9876063466072083,0.1564541459083557,-0.00001627206802368164,0.15646612644195558,0.9876832962036133,-0.9999220967292786,-0.012329906225204468,0.001936793327331543]},{"y":65,"x":95,"__tipo":"Vector2"},1],[{"__tipo":"CFrame","componentes":[-172.4226837158203,-428.6910095214844,9491.1005859375,0.012481093406677246,-0.9876063466072083,0.1564541459083557,-0.00001627206802368164,0.15646612644195558,0.9876832962036133,-0.9999220967292786,-0.012329906225204468,0.001936793327331543]},{"y":65,"x":95,"__tipo":"Vector2"},1],[{"__tipo":"CFrame","componentes":[-172.4226837158203,-428.6910095214844,9491.1005859375,0.012481093406677246,-0.9876063466072083,0.1564541459083557,-0.00001627206802368164,0.15646612644195558,0.9876832962036133,-0.9999220967292786,-0.012329906225204468,0.001936793327331543]},{"y":65,"x":95,"__tipo":"Vector2"},1],[{"__tipo":"CFrame","componentes":[-172.4226837158203,-428.6910095214844,9491.1005859375,0.012481093406677246,-0.9876063466072083,0.1564541459083557,-0.00001627206802368164,0.15646612644195558,0.9876832962036133,-0.9999220967292786,-0.012329906225204468,0.001936793327331543]},{"y":65,"x":95,"__tipo":"Vector2"},1],[{"__tipo":"CFrame","componentes":[-172.4226837158203,-428.6910095214844,9491.1005859375,0.012481093406677246,-0.9876063466072083,0.1564541459083557,-0.00001627206802368164,0.15646612644195558,0.9876832962036133,-0.9999220967292786,-0.012329906225204468,0.001936793327331543]},{"y":63,"x":95,"__tipo":"Vector2"},1],[{"__tipo":"CFrame","componentes":[-172.4226837158203,-428.6910095214844,9491.1005859375,0.012481093406677246,-0.9876063466072083,0.1564541459083557,-0.00001627206802368164,0.15646612644195558,0.9876832962036133,-0.9999220967292786,-0.012329906225204468,0.001936793327331543]},{"y":63,"x":95,"__tipo":"Vector2"},1],[{"__tipo":"CFrame","componentes":[-172.4226837158203,-428.6910095214844,9491.1005859375,0.012481093406677246,-0.9876063466072083,0.1564541459083557,-0.00001627206802368164,0.15646612644195558,0.9876832962036133,-0.9999220967292786,-0.012329906225204468,0.001936793327331543]},{"y":60,"x":95,"__tipo":"Vector2"},1],[{"__tipo":"CFrame","componentes":[-172.4226837158203,-428.6910095214844,9491.1005859375,0.012481093406677246,-0.9876063466072083,0.1564541459083557,-0.00001627206802368164,0.15646612644195558,0.9876832962036133,-0.9999220967292786,-0.012329906225204468,0.001936793327331543]},{"y":60,"x":95,"__tipo":"Vector2"},1],[{"__tipo":"CFrame","componentes":[-172.4226837158203,-428.6910095214844,9491.1005859375,0.012481093406677246,-0.9876063466072083,0.1564541459083557,-0.00001627206802368164,0.15646612644195558,0.9876832962036133,-0.9999220967292786,-0.012329906225204468,0.001936793327331543]},{"y":53,"x":95,"__tipo":"Vector2"},1],[{"__tipo":"CFrame","componentes":[-172.4226837158203,-428.6910095214844,9491.1005859375,0.012481093406677246,-0.9876063466072083,0.1564541459083557,-0.00001627206802368164,0.15646612644195558,0.9876832962036133,-0.9999220967292786,-0.012329906225204468,0.001936793327331543]},{"y":53,"x":95,"__tipo":"Vector2"},1],[{"__tipo":"CFrame","componentes":[-172.4226837158203,-428.6910095214844,9491.1005859375,0.012481093406677246,-0.9876063466072083,0.1564541459083557,-0.00001627206802368164,0.15646612644195558,0.9876832962036133,-0.9999220967292786,-0.012329906225204468,0.001936793327331543]},{"y":53,"x":95,"__tipo":"Vector2"},1],[{"__tipo":"CFrame","componentes":[-172.4226837158203,-428.6910095214844,9491.1005859375,0.012481093406677246,-0.9876063466072083,0.1564541459083557,-0.00001627206802368164,0.15646612644195558,0.9876832962036133,-0.9999220967292786,-0.012329906225204468,0.001936793327331543]},{"y":53,"x":95,"__tipo":"Vector2"},1],[{"__tipo":"CFrame","componentes":[-172.4226837158203,-428.6910095214844,9491.1005859375,0.012481093406677246,-0.9876063466072083,0.1564541459083557,-0.00001627206802368164,0.15646612644195558,0.9876832962036133,-0.9999220967292786,-0.012329906225204468,0.001936793327331543]},{"y":52,"x":95,"__tipo":"Vector2"},1],[{"__tipo":"CFrame","componentes":[-172.4226837158203,-428.6910095214844,9491.1005859375,0.012481093406677246,-0.9876063466072083,0.1564541459083557,-0.00001627206802368164,0.15646612644195558,0.9876832962036133,-0.9999220967292786,-0.012329906225204468,0.001936793327331543]},{"y":52,"x":95,"__tipo":"Vector2"},1],[{"__tipo":"CFrame","componentes":[-172.4226837158203,-428.6910095214844,9491.1005859375,0.012481093406677246,-0.9876063466072083,0.1564541459083557,-0.00001627206802368164,0.15646612644195558,0.9876832962036133,-0.9999220967292786,-0.012329906225204468,0.001936793327331543]},{"y":50,"x":95,"__tipo":"Vector2"},1],[{"__tipo":"CFrame","componentes":[-172.4226837158203,-428.6910095214844,9491.1005859375,0.012481093406677246,-0.9876063466072083,0.1564541459083557,-0.00001627206802368164,0.15646612644195558,0.9876832962036133,-0.9999220967292786,-0.012329906225204468,0.001936793327331543]},{"y":50,"x":95,"__tipo":"Vector2"},1],[{"__tipo":"CFrame","componentes":[-172.4226837158203,-428.6910095214844,9491.1005859375,0.012481093406677246,-0.9876063466072083,0.1564541459083557,-0.00001627206802368164,0.15646612644195558,0.9876832962036133,-0.9999220967292786,-0.012329906225204468,0.001936793327331543]},{"y":48,"x":95,"__tipo":"Vector2"},1],[{"__tipo":"CFrame","componentes":[-172.4226837158203,-428.6910095214844,9491.1005859375,0.012481093406677246,-0.9876063466072083,0.1564541459083557,-0.00001627206802368164,0.15646612644195558,0.9876832962036133,-0.9999220967292786,-0.012329906225204468,0.001936793327331543]},{"y":48,"x":95,"__tipo":"Vector2"},1],[{"__tipo":"CFrame","componentes":[-172.4226837158203,-428.6910095214844,9491.1005859375,0.012481093406677246,-0.9876063466072083,0.1564541459083557,-0.00001627206802368164,0.15646612644195558,0.9876832962036133,-0.9999220967292786,-0.012329906225204468,0.001936793327331543]},{"y":47,"x":95,"__tipo":"Vector2"},1],[{"__tipo":"CFrame","componentes":[-172.4226837158203,-428.6910095214844,9491.1005859375,0.012481093406677246,-0.9876063466072083,0.1564541459083557,-0.00001627206802368164,0.15646612644195558,0.9876832962036133,-0.9999220967292786,-0.012329906225204468,0.001936793327331543]},{"y":47,"x":95,"__tipo":"Vector2"},1],[{"__tipo":"CFrame","componentes":[-172.4226837158203,-428.6910095214844,9491.1005859375,0.012481093406677246,-0.9876063466072083,0.1564541459083557,-0.00001627206802368164,0.15646612644195558,0.9876832962036133,-0.9999220967292786,-0.012329906225204468,0.001936793327331543]},{"y":46,"x":95,"__tipo":"Vector2"},1],[{"__tipo":"CFrame","componentes":[-172.4226837158203,-428.6910095214844,9491.1005859375,0.012481093406677246,-0.9876063466072083,0.1564541459083557,-0.00001627206802368164,0.15646612644195558,0.9876832962036133,-0.9999220967292786,-0.012329906225204468,0.001936793327331543]},{"y":46,"x":95,"__tipo":"Vector2"},1],[{"__tipo":"CFrame","componentes":[-172.4226837158203,-428.6910095214844,9491.1005859375,0.012481093406677246,-0.9876063466072083,0.1564541459083557,-0.00001627206802368164,0.15646612644195558,0.9876832962036133,-0.9999220967292786,-0.012329906225204468,0.001936793327331543]},{"y":45,"x":95,"__tipo":"Vector2"},1],[{"__tipo":"CFrame","componentes":[-172.4226837158203,-428.6910095214844,9491.1005859375,0.012481093406677246,-0.9876063466072083,0.1564541459083557,-0.00001627206802368164,0.15646612644195558,0.9876832962036133,-0.9999220967292786,-0.012329906225204468,0.001936793327331543]},{"y":45,"x":95,"__tipo":"Vector2"},1],[{"__tipo":"CFrame","componentes":[-172.4226837158203,-428.6910095214844,9491.1005859375,0.012481093406677246,-0.9876063466072083,0.1564541459083557,-0.00001627206802368164,0.15646612644195558,0.9876832962036133,-0.9999220967292786,-0.012329906225204468,0.001936793327331543]},{"y":44,"x":95,"__tipo":"Vector2"},1],[{"__tipo":"CFrame","componentes":[-172.4226837158203,-428.6910095214844,9491.1005859375,0.012481093406677246,-0.9876063466072083,0.1564541459083557,-0.00001627206802368164,0.15646612644195558,0.9876832962036133,-0.9999220967292786,-0.012329906225204468,0.001936793327331543]},{"y":44,"x":95,"__tipo":"Vector2"},1],[{"__tipo":"CFrame","componentes":[-172.4226837158203,-428.6910095214844,9491.1005859375,0.012481093406677246,-0.9876063466072083,0.1564541459083557,-0.00001627206802368164,0.15646612644195558,0.9876832962036133,-0.9999220967292786,-0.012329906225204468,0.001936793327331543]},{"y":43,"x":95,"__tipo":"Vector2"},1],[{"__tipo":"CFrame","componentes":[-172.4226837158203,-428.6910095214844,9491.1005859375,0.012481093406677246,-0.9876063466072083,0.1564541459083557,-0.00001627206802368164,0.15646612644195558,0.9876832962036133,-0.9999220967292786,-0.012329906225204468,0.001936793327331543]},{"y":43,"x":95,"__tipo":"Vector2"},1],[{"__tipo":"CFrame","componentes":[-172.4226837158203,-428.6910095214844,9491.1005859375,0.012481093406677246,-0.9876063466072083,0.1564541459083557,-0.00001627206802368164,0.15646612644195558,0.9876832962036133,-0.9999220967292786,-0.012329906225204468,0.001936793327331543]},{"y":42,"x":95,"__tipo":"Vector2"},1],[{"__tipo":"CFrame","componentes":[-172.4226837158203,-428.6910095214844,9491.1005859375,0.012481093406677246,-0.9876063466072083,0.1564541459083557,-0.00001627206802368164,0.15646612644195558,0.9876832962036133,-0.9999220967292786,-0.012329906225204468,0.001936793327331543]},{"y":42,"x":95,"__tipo":"Vector2"},1],[{"__tipo":"CFrame","componentes":[-172.4226837158203,-428.6910095214844,9491.1005859375,0.012481093406677246,-0.9876063466072083,0.1564541459083557,-0.00001627206802368164,0.15646612644195558,0.9876832962036133,-0.9999220967292786,-0.012329906225204468,0.001936793327331543]},{"y":41,"x":95,"__tipo":"Vector2"},1],[{"__tipo":"CFrame","componentes":[-172.4226837158203,-428.6910095214844,9491.1005859375,0.012481093406677246,-0.9876063466072083,0.1564541459083557,-0.00001627206802368164,0.15646612644195558,0.9876832962036133,-0.9999220967292786,-0.012329906225204468,0.001936793327331543]},{"y":41,"x":95,"__tipo":"Vector2"},1],[{"__tipo":"CFrame","componentes":[-172.4226837158203,-428.6910095214844,9491.1005859375,0.012481093406677246,-0.9876063466072083,0.1564541459083557,-0.00001627206802368164,0.15646612644195558,0.9876832962036133,-0.9999220967292786,-0.012329906225204468,0.001936793327331543]},{"y":40,"x":95,"__tipo":"Vector2"},1],[{"__tipo":"CFrame","componentes":[-172.4226837158203,-428.6910095214844,9491.1005859375,0.012481093406677246,-0.9876063466072083,0.1564541459083557,-0.00001627206802368164,0.15646612644195558,0.9876832962036133,-0.9999220967292786,-0.012329906225204468,0.001936793327331543]},{"y":40,"x":95,"__tipo":"Vector2"},1],[{"__tipo":"CFrame","componentes":[-172.4226837158203,-428.6910095214844,9491.1005859375,0.012481093406677246,-0.9876063466072083,0.1564541459083557,-0.00001627206802368164,0.15646612644195558,0.9876832962036133,-0.9999220967292786,-0.012329906225204468,0.001936793327331543]},{"y":37,"x":96,"__tipo":"Vector2"},1],[{"__tipo":"CFrame","componentes":[-172.4226837158203,-428.6910095214844,9491.1005859375,0.012481093406677246,-0.9876063466072083,0.1564541459083557,-0.00001627206802368164,0.15646612644195558,0.9876832962036133,-0.9999220967292786,-0.012329906225204468,0.001936793327331543]},{"y":37,"x":96,"__tipo":"Vector2"},1],[{"__tipo":"CFrame","componentes":[-172.4226837158203,-428.6910095214844,9491.1005859375,0.012481093406677246,-0.9876063466072083,0.1564541459083557,-0.00001627206802368164,0.15646612644195558,0.9876832962036133,-0.9999220967292786,-0.012329906225204468,0.001936793327331543]},{"y":37,"x":96,"__tipo":"Vector2"},1],[{"__tipo":"CFrame","componentes":[-172.4226837158203,-428.6910095214844,9491.1005859375,0.012481093406677246,-0.9876063466072083,0.1564541459083557,-0.00001627206802368164,0.15646612644195558,0.9876832962036133,-0.9999220967292786,-0.012329906225204468,0.001936793327331543]},{"y":37,"x":96,"__tipo":"Vector2"},1],[{"__tipo":"CFrame","componentes":[-172.4226837158203,-428.6910095214844,9491.1005859375,0.012481093406677246,-0.9876063466072083,0.1564541459083557,-0.00001627206802368164,0.15646612644195558,0.9876832962036133,-0.9999220967292786,-0.012329906225204468,0.001936793327331543]},{"y":36,"x":96,"__tipo":"Vector2"},1],[{"__tipo":"CFrame","componentes":[-172.4226837158203,-428.6910095214844,9491.1005859375,0.012481093406677246,-0.9876063466072083,0.1564541459083557,-0.00001627206802368164,0.15646612644195558,0.9876832962036133,-0.9999220967292786,-0.012329906225204468,0.001936793327331543]},{"y":36,"x":96,"__tipo":"Vector2"},1],[{"__tipo":"CFrame","componentes":[-172.4226837158203,-428.6910095214844,9491.1005859375,0.012481093406677246,-0.9876063466072083,0.1564541459083557,-0.00001627206802368164,0.15646612644195558,0.9876832962036133,-0.9999220967292786,-0.012329906225204468,0.001936793327331543]},{"y":36,"x":96,"__tipo":"Vector2"},1],[{"__tipo":"CFrame","componentes":[-172.4226837158203,-428.6910095214844,9491.1005859375,0.012481093406677246,-0.9876063466072083,0.1564541459083557,-0.00001627206802368164,0.15646612644195558,0.9876832962036133,-0.9999220967292786,-0.012329906225204468,0.001936793327331543]},{"y":36,"x":96,"__tipo":"Vector2"},1],[{"__tipo":"CFrame","componentes":[-172.4226837158203,-428.6910095214844,9491.1005859375,0.012481093406677246,-0.9876063466072083,0.1564541459083557,-0.00001627206802368164,0.15646612644195558,0.9876832962036133,-0.9999220967292786,-0.012329906225204468,0.001936793327331543]},{"y":37,"x":134,"__tipo":"Vector2"},0],[{"__tipo":"CFrame","componentes":[-172.4226837158203,-428.6910095214844,9491.1005859375,0.012481093406677246,-0.9876063466072083,0.1564541459083557,-0.00001627206802368164,0.15646612644195558,0.9876832962036133,-0.9999220967292786,-0.012329906225204468,0.001936793327331543]},{"y":37,"x":134,"__tipo":"Vector2"},1],[{"__tipo":"CFrame","componentes":[-172.4226837158203,-428.6910095214844,9491.1005859375,0.012481093406677246,-0.9876063466072083,0.1564541459083557,-0.00001627206802368164,0.15646612644195558,0.9876832962036133,-0.9999220967292786,-0.012329906225204468,0.001936793327331543]},{"y":37,"x":134,"__tipo":"Vector2"},1],[{"__tipo":"CFrame","componentes":[-172.4226837158203,-428.6910095214844,9491.1005859375,0.012481093406677246,-0.9876063466072083,0.1564541459083557,-0.00001627206802368164,0.15646612644195558,0.9876832962036133,-0.9999220967292786,-0.012329906225204468,0.001936793327331543]},{"y":37,"x":133,"__tipo":"Vector2"},1],[{"__tipo":"CFrame","componentes":[-172.4226837158203,-428.6910095214844,9491.1005859375,0.012481093406677246,-0.9876063466072083,0.1564541459083557,-0.00001627206802368164,0.15646612644195558,0.9876832962036133,-0.9999220967292786,-0.012329906225204468,0.001936793327331543]},{"y":37,"x":133,"__tipo":"Vector2"},1],[{"__tipo":"CFrame","componentes":[-172.4226837158203,-428.6910095214844,9491.1005859375,0.012481093406677246,-0.9876063466072083,0.1564541459083557,-0.00001627206802368164,0.15646612644195558,0.9876832962036133,-0.9999220967292786,-0.012329906225204468,0.001936793327331543]},{"y":37,"x":131,"__tipo":"Vector2"},1],[{"__tipo":"CFrame","componentes":[-172.4226837158203,-428.6910095214844,9491.1005859375,0.012481093406677246,-0.9876063466072083,0.1564541459083557,-0.00001627206802368164,0.15646612644195558,0.9876832962036133,-0.9999220967292786,-0.012329906225204468,0.001936793327331543]},{"y":37,"x":131,"__tipo":"Vector2"},1],[{"__tipo":"CFrame","componentes":[-172.4226837158203,-428.6910095214844,9491.1005859375,0.012481093406677246,-0.9876063466072083,0.1564541459083557,-0.00001627206802368164,0.15646612644195558,0.9876832962036133,-0.9999220967292786,-0.012329906225204468,0.001936793327331543]},{"y":36,"x":130,"__tipo":"Vector2"},1],[{"__tipo":"CFrame","componentes":[-172.4226837158203,-428.6910095214844,9491.1005859375,0.012481093406677246,-0.9876063466072083,0.1564541459083557,-0.00001627206802368164,0.15646612644195558,0.9876832962036133,-0.9999220967292786,-0.012329906225204468,0.001936793327331543]},{"y":36,"x":130,"__tipo":"Vector2"},1],[{"__tipo":"CFrame","componentes":[-172.4226837158203,-428.6910095214844,9491.1005859375,0.012481093406677246,-0.9876063466072083,0.1564541459083557,-0.00001627206802368164,0.15646612644195558,0.9876832962036133,-0.9999220967292786,-0.012329906225204468,0.001936793327331543]},{"y":36,"x":129,"__tipo":"Vector2"},1],[{"__tipo":"CFrame","componentes":[-172.4226837158203,-428.6910095214844,9491.1005859375,0.012481093406677246,-0.9876063466072083,0.1564541459083557,-0.00001627206802368164,0.15646612644195558,0.9876832962036133,-0.9999220967292786,-0.012329906225204468,0.001936793327331543]},{"y":36,"x":129,"__tipo":"Vector2"},1],[{"__tipo":"CFrame","componentes":[-172.4226837158203,-428.6910095214844,9491.1005859375,0.012481093406677246,-0.9876063466072083,0.1564541459083557,-0.00001627206802368164,0.15646612644195558,0.9876832962036133,-0.9999220967292786,-0.012329906225204468,0.001936793327331543]},{"y":36,"x":129,"__tipo":"Vector2"},1],[{"__tipo":"CFrame","componentes":[-172.4226837158203,-428.6910095214844,9491.1005859375,0.012481093406677246,-0.9876063466072083,0.1564541459083557,-0.00001627206802368164,0.15646612644195558,0.9876832962036133,-0.9999220967292786,-0.012329906225204468,0.001936793327331543]},{"y":36,"x":129,"__tipo":"Vector2"},1],[{"__tipo":"CFrame","componentes":[-172.4226837158203,-428.6910095214844,9491.1005859375,0.012481093406677246,-0.9876063466072083,0.1564541459083557,-0.00001627206802368164,0.15646612644195558,0.9876832962036133,-0.9999220967292786,-0.012329906225204468,0.001936793327331543]},{"y":36,"x":128,"__tipo":"Vector2"},1],[{"__tipo":"CFrame","componentes":[-172.4226837158203,-428.6910095214844,9491.1005859375,0.012481093406677246,-0.9876063466072083,0.1564541459083557,-0.00001627206802368164,0.15646612644195558,0.9876832962036133,-0.9999220967292786,-0.012329906225204468,0.001936793327331543]},{"y":36,"x":128,"__tipo":"Vector2"},1],[{"__tipo":"CFrame","componentes":[-172.4226837158203,-428.6910095214844,9491.1005859375,0.012481093406677246,-0.9876063466072083,0.1564541459083557,-0.00001627206802368164,0.15646612644195558,0.9876832962036133,-0.9999220967292786,-0.012329906225204468,0.001936793327331543]},{"y":36,"x":127,"__tipo":"Vector2"},1],[{"__tipo":"CFrame","componentes":[-172.4226837158203,-428.6910095214844,9491.1005859375,0.012481093406677246,-0.9876063466072083,0.1564541459083557,-0.00001627206802368164,0.15646612644195558,0.9876832962036133,-0.9999220967292786,-0.012329906225204468,0.001936793327331543]},{"y":36,"x":127,"__tipo":"Vector2"},1],[{"__tipo":"CFrame","componentes":[-172.4226837158203,-428.6910095214844,9491.1005859375,0.012481093406677246,-0.9876063466072083,0.1564541459083557,-0.00001627206802368164,0.15646612644195558,0.9876832962036133,-0.9999220967292786,-0.012329906225204468,0.001936793327331543]},{"y":36,"x":127,"__tipo":"Vector2"},1],[{"__tipo":"CFrame","componentes":[-172.4226837158203,-428.6910095214844,9491.1005859375,0.012481093406677246,-0.9876063466072083,0.1564541459083557,-0.00001627206802368164,0.15646612644195558,0.9876832962036133,-0.9999220967292786,-0.012329906225204468,0.001936793327331543]},{"y":36,"x":127,"__tipo":"Vector2"},1],[{"__tipo":"CFrame","componentes":[-172.4226837158203,-428.6910095214844,9491.1005859375,0.012481093406677246,-0.9876063466072083,0.1564541459083557,-0.00001627206802368164,0.15646612644195558,0.9876832962036133,-0.9999220967292786,-0.012329906225204468,0.001936793327331543]},{"y":37,"x":126,"__tipo":"Vector2"},1],[{"__tipo":"CFrame","componentes":[-172.4226837158203,-428.6910095214844,9491.1005859375,0.012481093406677246,-0.9876063466072083,0.1564541459083557,-0.00001627206802368164,0.15646612644195558,0.9876832962036133,-0.9999220967292786,-0.012329906225204468,0.001936793327331543]},{"y":37,"x":126,"__tipo":"Vector2"},1],[{"__tipo":"CFrame","componentes":[-172.4226837158203,-428.6910095214844,9491.1005859375,0.012481093406677246,-0.9876063466072083,0.1564541459083557,-0.00001627206802368164,0.15646612644195558,0.9876832962036133,-0.9999220967292786,-0.012329906225204468,0.001936793327331543]},{"y":37,"x":125,"__tipo":"Vector2"},1],[{"__tipo":"CFrame","componentes":[-172.4226837158203,-428.6910095214844,9491.1005859375,0.012481093406677246,-0.9876063466072083,0.1564541459083557,-0.00001627206802368164,0.15646612644195558,0.9876832962036133,-0.9999220967292786,-0.012329906225204468,0.001936793327331543]},{"y":37,"x":125,"__tipo":"Vector2"},1],[{"__tipo":"CFrame","componentes":[-172.4226837158203,-428.6910095214844,9491.1005859375,0.012481093406677246,-0.9876063466072083,0.1564541459083557,-0.00001627206802368164,0.15646612644195558,0.9876832962036133,-0.9999220967292786,-0.012329906225204468,0.001936793327331543]},{"y":37,"x":124,"__tipo":"Vector2"},1],[{"__tipo":"CFrame","componentes":[-172.4226837158203,-428.6910095214844,9491.1005859375,0.012481093406677246,-0.9876063466072083,0.1564541459083557,-0.00001627206802368164,0.15646612644195558,0.9876832962036133,-0.9999220967292786,-0.012329906225204468,0.001936793327331543]},{"y":37,"x":124,"__tipo":"Vector2"},1],[{"__tipo":"CFrame","componentes":[-172.4226837158203,-428.6910095214844,9491.1005859375,0.012481093406677246,-0.9876063466072083,0.1564541459083557,-0.00001627206802368164,0.15646612644195558,0.9876832962036133,-0.9999220967292786,-0.012329906225204468,0.001936793327331543]},{"y":37,"x":124,"__tipo":"Vector2"},1],[{"__tipo":"CFrame","componentes":[-172.4226837158203,-428.6910095214844,9491.1005859375,0.012481093406677246,-0.9876063466072083,0.1564541459083557,-0.00001627206802368164,0.15646612644195558,0.9876832962036133,-0.9999220967292786,-0.012329906225204468,0.001936793327331543]},{"y":37,"x":124,"__tipo":"Vector2"},1],[{"__tipo":"CFrame","componentes":[-172.4226837158203,-428.6910095214844,9491.1005859375,0.012481093406677246,-0.9876063466072083,0.1564541459083557,-0.00001627206802368164,0.15646612644195558,0.9876832962036133,-0.9999220967292786,-0.012329906225204468,0.001936793327331543]},{"y":37,"x":123,"__tipo":"Vector2"},1],[{"__tipo":"CFrame","componentes":[-172.4226837158203,-428.6910095214844,9491.1005859375,0.012481093406677246,-0.9876063466072083,0.1564541459083557,-0.00001627206802368164,0.15646612644195558,0.9876832962036133,-0.9999220967292786,-0.012329906225204468,0.001936793327331543]},{"y":37,"x":123,"__tipo":"Vector2"},1],[{"__tipo":"CFrame","componentes":[-172.4226837158203,-428.6910095214844,9491.1005859375,0.012481093406677246,-0.9876063466072083,0.1564541459083557,-0.00001627206802368164,0.15646612644195558,0.9876832962036133,-0.9999220967292786,-0.012329906225204468,0.001936793327331543]},{"y":37,"x":122,"__tipo":"Vector2"},1],[{"__tipo":"CFrame","componentes":[-172.4226837158203,-428.6910095214844,9491.1005859375,0.012481093406677246,-0.9876063466072083,0.1564541459083557,-0.00001627206802368164,0.15646612644195558,0.9876832962036133,-0.9999220967292786,-0.012329906225204468,0.001936793327331543]},{"y":37,"x":122,"__tipo":"Vector2"},1],[{"__tipo":"CFrame","componentes":[-172.4226837158203,-428.6910095214844,9491.1005859375,0.012481093406677246,-0.9876063466072083,0.1564541459083557,-0.00001627206802368164,0.15646612644195558,0.9876832962036133,-0.9999220967292786,-0.012329906225204468,0.001936793327331543]},{"y":37,"x":121,"__tipo":"Vector2"},1],[{"__tipo":"CFrame","componentes":[-172.4226837158203,-428.6910095214844,9491.1005859375,0.012481093406677246,-0.9876063466072083,0.1564541459083557,-0.00001627206802368164,0.15646612644195558,0.9876832962036133,-0.9999220967292786,-0.012329906225204468,0.001936793327331543]},{"y":37,"x":121,"__tipo":"Vector2"},1],[{"__tipo":"CFrame","componentes":[-172.4226837158203,-428.6910095214844,9491.1005859375,0.012481093406677246,-0.9876063466072083,0.1564541459083557,-0.00001627206802368164,0.15646612644195558,0.9876832962036133,-0.9999220967292786,-0.012329906225204468,0.001936793327331543]},{"y":37,"x":120,"__tipo":"Vector2"},1],[{"__tipo":"CFrame","componentes":[-172.4226837158203,-428.6910095214844,9491.1005859375,0.012481093406677246,-0.9876063466072083,0.1564541459083557,-0.00001627206802368164,0.15646612644195558,0.9876832962036133,-0.9999220967292786,-0.012329906225204468,0.001936793327331543]},{"y":37,"x":120,"__tipo":"Vector2"},1],[{"__tipo":"CFrame","componentes":[-172.4226837158203,-428.6910095214844,9491.1005859375,0.012481093406677246,-0.9876063466072083,0.1564541459083557,-0.00001627206802368164,0.15646612644195558,0.9876832962036133,-0.9999220967292786,-0.012329906225204468,0.001936793327331543]},{"y":37,"x":120,"__tipo":"Vector2"},1],[{"__tipo":"CFrame","componentes":[-172.4226837158203,-428.6910095214844,9491.1005859375,0.012481093406677246,-0.9876063466072083,0.1564541459083557,-0.00001627206802368164,0.15646612644195558,0.9876832962036133,-0.9999220967292786,-0.012329906225204468,0.001936793327331543]},{"y":37,"x":120,"__tipo":"Vector2"},1],[{"__tipo":"CFrame","componentes":[-172.4226837158203,-428.6910095214844,9491.1005859375,0.012481093406677246,-0.9876063466072083,0.1564541459083557,-0.00001627206802368164,0.15646612644195558,0.9876832962036133,-0.9999220967292786,-0.012329906225204468,0.001936793327331543]},{"y":37,"x":120,"__tipo":"Vector2"},1],[{"__tipo":"CFrame","componentes":[-172.4226837158203,-428.6910095214844,9491.1005859375,0.012481093406677246,-0.9876063466072083,0.1564541459083557,-0.00001627206802368164,0.15646612644195558,0.9876832962036133,-0.9999220967292786,-0.012329906225204468,0.001936793327331543]},{"y":37,"x":120,"__tipo":"Vector2"},1],[{"__tipo":"CFrame","componentes":[-172.4226837158203,-428.6910095214844,9491.1005859375,0.012481093406677246,-0.9876063466072083,0.1564541459083557,-0.00001627206802368164,0.15646612644195558,0.9876832962036133,-0.9999220967292786,-0.012329906225204468,0.001936793327331543]},{"y":37,"x":119,"__tipo":"Vector2"},1],[{"__tipo":"CFrame","componentes":[-172.4226837158203,-428.6910095214844,9491.1005859375,0.012481093406677246,-0.9876063466072083,0.1564541459083557,-0.00001627206802368164,0.15646612644195558,0.9876832962036133,-0.9999220967292786,-0.012329906225204468,0.001936793327331543]},{"y":37,"x":119,"__tipo":"Vector2"},1],[{"__tipo":"CFrame","componentes":[-172.4226837158203,-428.6910095214844,9491.1005859375,0.012481093406677246,-0.9876063466072083,0.1564541459083557,-0.00001627206802368164,0.15646612644195558,0.9876832962036133,-0.9999220967292786,-0.012329906225204468,0.001936793327331543]},{"y":37,"x":118,"__tipo":"Vector2"},1],[{"__tipo":"CFrame","componentes":[-172.4226837158203,-428.6910095214844,9491.1005859375,0.012481093406677246,-0.9876063466072083,0.1564541459083557,-0.00001627206802368164,0.15646612644195558,0.9876832962036133,-0.9999220967292786,-0.012329906225204468,0.001936793327331543]},{"y":37,"x":118,"__tipo":"Vector2"},1],[{"__tipo":"CFrame","componentes":[-172.4226837158203,-428.6910095214844,9491.1005859375,0.012481093406677246,-0.9876063466072083,0.1564541459083557,-0.00001627206802368164,0.15646612644195558,0.9876832962036133,-0.9999220967292786,-0.012329906225204468,0.001936793327331543]},{"y":37,"x":118,"__tipo":"Vector2"},1],[{"__tipo":"CFrame","componentes":[-172.4226837158203,-428.6910095214844,9491.1005859375,0.012481093406677246,-0.9876063466072083,0.1564541459083557,-0.00001627206802368164,0.15646612644195558,0.9876832962036133,-0.9999220967292786,-0.012329906225204468,0.001936793327331543]},{"y":37,"x":118,"__tipo":"Vector2"},1],[{"__tipo":"CFrame","componentes":[-172.4226837158203,-428.6910095214844,9491.1005859375,0.012481093406677246,-0.9876063466072083,0.1564541459083557,-0.00001627206802368164,0.15646612644195558,0.9876832962036133,-0.9999220967292786,-0.012329906225204468,0.001936793327331543]},{"y":37,"x":118,"__tipo":"Vector2"},1],[{"__tipo":"CFrame","componentes":[-172.4226837158203,-428.6910095214844,9491.1005859375,0.012481093406677246,-0.9876063466072083,0.1564541459083557,-0.00001627206802368164,0.15646612644195558,0.9876832962036133,-0.9999220967292786,-0.012329906225204468,0.001936793327331543]},{"y":37,"x":118,"__tipo":"Vector2"},1],[{"__tipo":"CFrame","componentes":[-172.4226837158203,-428.6910095214844,9491.1005859375,0.012481093406677246,-0.9876063466072083,0.1564541459083557,-0.00001627206802368164,0.15646612644195558,0.9876832962036133,-0.9999220967292786,-0.012329906225204468,0.001936793327331543]},{"y":37,"x":117,"__tipo":"Vector2"},1],[{"__tipo":"CFrame","componentes":[-172.4226837158203,-428.6910095214844,9491.1005859375,0.012481093406677246,-0.9876063466072083,0.1564541459083557,-0.00001627206802368164,0.15646612644195558,0.9876832962036133,-0.9999220967292786,-0.012329906225204468,0.001936793327331543]},{"y":37,"x":117,"__tipo":"Vector2"},1],[{"__tipo":"CFrame","componentes":[-172.4226837158203,-428.6910095214844,9491.1005859375,0.012481093406677246,-0.9876063466072083,0.1564541459083557,-0.00001627206802368164,0.15646612644195558,0.9876832962036133,-0.9999220967292786,-0.012329906225204468,0.001936793327331543]},{"y":37,"x":115,"__tipo":"Vector2"},1],[{"__tipo":"CFrame","componentes":[-172.4226837158203,-428.6910095214844,9491.1005859375,0.012481093406677246,-0.9876063466072083,0.1564541459083557,-0.00001627206802368164,0.15646612644195558,0.9876832962036133,-0.9999220967292786,-0.012329906225204468,0.001936793327331543]},{"y":37,"x":115,"__tipo":"Vector2"},1],[{"__tipo":"CFrame","componentes":[-172.4226837158203,-428.6910095214844,9491.1005859375,0.012481093406677246,-0.9876063466072083,0.1564541459083557,-0.00001627206802368164,0.15646612644195558,0.9876832962036133,-0.9999220967292786,-0.012329906225204468,0.001936793327331543]},{"y":37,"x":115,"__tipo":"Vector2"},1],[{"__tipo":"CFrame","componentes":[-172.4226837158203,-428.6910095214844,9491.1005859375,0.012481093406677246,-0.9876063466072083,0.1564541459083557,-0.00001627206802368164,0.15646612644195558,0.9876832962036133,-0.9999220967292786,-0.012329906225204468,0.001936793327331543]},{"y":37,"x":115,"__tipo":"Vector2"},1],[{"__tipo":"CFrame","componentes":[-172.4226837158203,-428.6910095214844,9491.1005859375,0.012481093406677246,-0.9876063466072083,0.1564541459083557,-0.00001627206802368164,0.15646612644195558,0.9876832962036133,-0.9999220967292786,-0.012329906225204468,0.001936793327331543]},{"y":37,"x":115,"__tipo":"Vector2"},1],[{"__tipo":"CFrame","componentes":[-172.4226837158203,-428.6910095214844,9491.1005859375,0.012481093406677246,-0.9876063466072083,0.1564541459083557,-0.00001627206802368164,0.15646612644195558,0.9876832962036133,-0.9999220967292786,-0.012329906225204468,0.001936793327331543]},{"y":37,"x":115,"__tipo":"Vector2"},1],[{"__tipo":"CFrame","componentes":[-172.4226837158203,-428.6910095214844,9491.1005859375,0.012481093406677246,-0.9876063466072083,0.1564541459083557,-0.00001627206802368164,0.15646612644195558,0.9876832962036133,-0.9999220967292786,-0.012329906225204468,0.001936793327331543]},{"y":37,"x":114,"__tipo":"Vector2"},1],[{"__tipo":"CFrame","componentes":[-172.4226837158203,-428.6910095214844,9491.1005859375,0.012481093406677246,-0.9876063466072083,0.1564541459083557,-0.00001627206802368164,0.15646612644195558,0.9876832962036133,-0.9999220967292786,-0.012329906225204468,0.001936793327331543]},{"y":37,"x":114,"__tipo":"Vector2"},1],[{"__tipo":"CFrame","componentes":[-172.4226837158203,-428.6910095214844,9491.1005859375,0.012481093406677246,-0.9876063466072083,0.1564541459083557,-0.00001627206802368164,0.15646612644195558,0.9876832962036133,-0.9999220967292786,-0.012329906225204468,0.001936793327331543]},{"y":37,"x":114,"__tipo":"Vector2"},1],[{"__tipo":"CFrame","componentes":[-172.4226837158203,-428.6910095214844,9491.1005859375,0.012481093406677246,-0.9876063466072083,0.1564541459083557,-0.00001627206802368164,0.15646612644195558,0.9876832962036133,-0.9999220967292786,-0.012329906225204468,0.001936793327331543]},{"y":37,"x":114,"__tipo":"Vector2"},1],[{"__tipo":"CFrame","componentes":[-172.4226837158203,-428.6910095214844,9491.1005859375,0.012481093406677246,-0.9876063466072083,0.1564541459083557,-0.00001627206802368164,0.15646612644195558,0.9876832962036133,-0.9999220967292786,-0.012329906225204468,0.001936793327331543]},{"y":37,"x":114,"__tipo":"Vector2"},1],[{"__tipo":"CFrame","componentes":[-172.4226837158203,-428.6910095214844,9491.1005859375,0.012481093406677246,-0.9876063466072083,0.1564541459083557,-0.00001627206802368164,0.15646612644195558,0.9876832962036133,-0.9999220967292786,-0.012329906225204468,0.001936793327331543]},{"y":37,"x":114,"__tipo":"Vector2"},1],[{"__tipo":"CFrame","componentes":[-172.4226837158203,-428.6910095214844,9491.1005859375,0.012481093406677246,-0.9876063466072083,0.1564541459083557,-0.00001627206802368164,0.15646612644195558,0.9876832962036133,-0.9999220967292786,-0.012329906225204468,0.001936793327331543]},{"y":37,"x":113,"__tipo":"Vector2"},1],[{"__tipo":"CFrame","componentes":[-172.4226837158203,-428.6910095214844,9491.1005859375,0.012481093406677246,-0.9876063466072083,0.1564541459083557,-0.00001627206802368164,0.15646612644195558,0.9876832962036133,-0.9999220967292786,-0.012329906225204468,0.001936793327331543]},{"y":37,"x":113,"__tipo":"Vector2"},1],[{"__tipo":"CFrame","componentes":[-172.4226837158203,-428.6910095214844,9491.1005859375,0.012481093406677246,-0.9876063466072083,0.1564541459083557,-0.00001627206802368164,0.15646612644195558,0.9876832962036133,-0.9999220967292786,-0.01232990622