[[{"__tipo":"CFrame","componentes":[107.72100067138672,-428.6910095214844,9308.822265625,-0.012481212615966797,0.987606406211853,-0.1564542055130005,-0.00001621246337890625,0.15646612644195558,0.9876834154129028,0.9999221563339233,0.012329965829849244,-0.0019369125366210938]},{"y":44,"x":33,"__tipo":"Vector2"},0],[{"__tipo":"CFrame","componentes":[107.72100067138672,-428.6910095214844,9308.822265625,-0.012481212615966797,0.987606406211853,-0.1564542055130005,-0.00001621246337890625,0.15646612644195558,0.9876834154129028,0.9999221563339233,0.012329965829849244,-0.0019369125366210938]},{"y":44,"x":33,"__tipo":"Vector2"},1],[{"__tipo":"CFrame","componentes":[107.72100067138672,-428.6910095214844,9308.822265625,-0.012481212615966797,0.987606406211853,-0.1564542055130005,-0.00001621246337890625,0.15646612644195558,0.9876834154129028,0.9999221563339233,0.012329965829849244,-0.0019369125366210938]},{"y":44,"x":33,"__tipo":"Vector2"},1],[{"__tipo":"CFrame","componentes":[107.72100067138672,-428.6910095214844,9308.822265625,-0.012481212615966797,0.987606406211853,-0.1564542055130005,-0.00001621246337890625,0.15646612644195558,0.9876834154129028,0.9999221563339233,0.012329965829849244,-0.0019369125366210938]},{"y":44,"x":34,"__tipo":"Vector2"},1],[{"__tipo":"CFrame","componentes":[107.72100067138672,-428.6910095214844,9308.822265625,-0.012481212615966797,0.987606406211853,-0.1564542055130005,-0.00001621246337890625,0.15646612644195558,0.9876834154129028,0.9999221563339233,0.012329965829849244,-0.0019369125366210938]},{"y":44,"x":34,"__tipo":"Vector2"},1],[{"__tipo":"CFrame","componentes":[107.72100067138672,-428.6910095214844,9308.822265625,-0.012481212615966797,0.987606406211853,-0.1564542055130005,-0.00001621246337890625,0.15646612644195558,0.9876834154129028,0.9999221563339233,0.012329965829849244,-0.0019369125366210938]},{"y":43,"x":35,"__tipo":"Vector2"},1],[{"__tipo":"CFrame","componentes":[107.72100067138672,-428.6910095214844,9308.822265625,-0.012481212615966797,0.987606406211853,-0.1564542055130005,-0.00001621246337890625,0.15646612644195558,0.9876834154129028,0.9999221563339233,0.012329965829849244,-0.0019369125366210938]},{"y":43,"x":35,"__tipo":"Vector2"},1],[{"__tipo":"CFrame","componentes":[107.72100067138672,-428.6910095214844,9308.822265625,-0.012481212615966797,0.987606406211853,-0.1564542055130005,-0.00001621246337890625,0.15646612644195558,0.9876834154129028,0.9999221563339233,0.012329965829849244,-0.0019369125366210938]},{"y":43,"x":35,"__tipo":"Vector2"},1],[{"__tipo":"CFrame","componentes":[107.72100067138672,-428.6910095214844,9308.822265625,-0.012481212615966797,0.987606406211853,-0.1564542055130005,-0.00001621246337890625,0.15646612644195558,0.9876834154129028,0.9999221563339233,0.012329965829849244,-0.0019369125366210938]},{"y":43,"x":35,"__tipo":"Vector2"},1],[{"__tipo":"CFrame","componentes":[107.72100067138672,-428.6910095214844,9308.822265625,-0.012481212615966797,0.987606406211853,-0.1564542055130005,-0.00001621246337890625,0.15646612644195558,0.9876834154129028,0.9999221563339233,0.012329965829849244,-0.0019369125366210938]},{"y":43,"x":35,"__tipo":"Vector2"},1],[{"__tipo":"CFrame","componentes":[107.72100067138672,-428.6910095214844,9308.822265625,-0.012481212615966797,0.987606406211853,-0.1564542055130005,-0.00001621246337890625,0.15646612644195558,0.9876834154129028,0.9999221563339233,0.012329965829849244,-0.0019369125366210938]},{"y":43,"x":35,"__tipo":"Vector2"},1],[{"__tipo":"CFrame","componentes":[107.72100067138672,-428.6910095214844,9308.822265625,-0.012481212615966797,0.987606406211853,-0.1564542055130005,-0.00001621246337890625,0.15646612644195558,0.9876834154129028,0.9999221563339233,0.012329965829849244,-0.0019369125366210938]},{"y":43,"x":36,"__tipo":"Vector2"},1],[{"__tipo":"CFrame","componentes":[107.72100067138672,-428.6910095214844,9308.822265625,-0.012481212615966797,0.987606406211853,-0.1564542055130005,-0.00001621246337890625,0.15646612644195558,0.9876834154129028,0.9999221563339233,0.012329965829849244,-0.0019369125366210938]},{"y":43,"x":36,"__tipo":"Vector2"},1],[{"__tipo":"CFrame","componentes":[107.72100067138672,-428.6910095214844,9308.822265625,-0.012481212615966797,0.987606406211853,-0.1564542055130005,-0.00001621246337890625,0.15646612644195558,0.9876834154129028,0.9999221563339233,0.012329965829849244,-0.0019369125366210938]},{"y":43,"x":37,"__tipo":"Vector2"},1],[{"__tipo":"CFrame","componentes":[107.72100067138672,-428.6910095214844,9308.822265625,-0.012481212615966797,0.987606406211853,-0.1564542055130005,-0.00001621246337890625,0.15646612644195558,0.9876834154129028,0.9999221563339233,0.012329965829849244,-0.0019369125366210938]},{"y":43,"x":37,"__tipo":"Vector2"},1],[{"__tipo":"CFrame","componentes":[107.72100067138672,-428.6910095214844,9308.822265625,-0.012481212615966797,0.987606406211853,-0.1564542055130005,-0.00001621246337890625,0.15646612644195558,0.9876834154129028,0.9999221563339233,0.012329965829849244,-0.0019369125366210938]},{"y":43,"x":37,"__tipo":"Vector2"},1],[{"__tipo":"CFrame","componentes":[107.72100067138672,-428.6910095214844,9308.822265625,-0.012481212615966797,0.987606406211853,-0.1564542055130005,-0.00001621246337890625,0.15646612644195558,0.9876834154129028,0.9999221563339233,0.012329965829849244,-0.0019369125366210938]},{"y":43,"x":37,"__tipo":"Vector2"},1],[{"__tipo":"CFrame","componentes":[107.72100067138672,-428.6910095214844,9308.822265625,-0.012481212615966797,0.987606406211853,-0.1564542055130005,-0.00001621246337890625,0.15646612644195558,0.9876834154129028,0.9999221563339233,0.012329965829849244,-0.0019369125366210938]},{"y":43,"x":38,"__tipo":"Vector2"},1],[{"__tipo":"CFrame","componentes":[107.72100067138672,-428.6910095214844,9308.822265625,-0.012481212615966797,0.987606406211853,-0.1564542055130005,-0.00001621246337890625,0.15646612644195558,0.9876834154129028,0.9999221563339233,0.012329965829849244,-0.0019369125366210938]},{"y":43,"x":38,"__tipo":"Vector2"},1],[{"__tipo":"CFrame","componentes":[107.72100067138672,-428.6910095214844,9308.822265625,-0.012481212615966797,0.987606406211853,-0.1564542055130005,-0.00001621246337890625,0.15646612644195558,0.9876834154129028,0.9999221563339233,0.012329965829849244,-0.0019369125366210938]},{"y":43,"x":38,"__tipo":"Vector2"},1],[{"__tipo":"CFrame","componentes":[107.72100067138672,-428.6910095214844,9308.822265625,-0.012481212615966797,0.987606406211853,-0.1564542055130005,-0.00001621246337890625,0.15646612644195558,0.9876834154129028,0.9999221563339233,0.012329965829849244,-0.0019369125366210938]},{"y":43,"x":38,"__tipo":"Vector2"},1],[{"__tipo":"CFrame","componentes":[107.72100067138672,-428.6910095214844,9308.822265625,-0.012481212615966797,0.987606406211853,-0.1564542055130005,-0.00001621246337890625,0.15646612644195558,0.9876834154129028,0.9999221563339233,0.012329965829849244,-0.0019369125366210938]},{"y":43,"x":39,"__tipo":"Vector2"},1],[{"__tipo":"CFrame","componentes":[107.72100067138672,-428.6910095214844,9308.822265625,-0.012481212615966797,0.987606406211853,-0.1564542055130005,-0.00001621246337890625,0.15646612644195558,0.9876834154129028,0.9999221563339233,0.012329965829849244,-0.0019369125366210938]},{"y":43,"x":39,"__tipo":"Vector2"},1],[{"__tipo":"CFrame","componentes":[107.72100067138672,-428.6910095214844,9308.822265625,-0.012481212615966797,0.987606406211853,-0.1564542055130005,-0.00001621246337890625,0.15646612644195558,0.9876834154129028,0.9999221563339233,0.012329965829849244,-0.0019369125366210938]},{"y":43,"x":39,"__tipo":"Vector2"},1],[{"__tipo":"CFrame","componentes":[107.72100067138672,-428.6910095214844,9308.822265625,-0.012481212615966797,0.987606406211853,-0.1564542055130005,-0.00001621246337890625,0.15646612644195558,0.9876834154129028,0.9999221563339233,0.012329965829849244,-0.0019369125366210938]},{"y":43,"x":39,"__tipo":"Vector2"},1],[{"__tipo":"CFrame","componentes":[107.72100067138672,-428.6910095214844,9308.822265625,-0.012481212615966797,0.987606406211853,-0.1564542055130005,-0.00001621246337890625,0.15646612644195558,0.9876834154129028,0.9999221563339233,0.012329965829849244,-0.0019369125366210938]},{"y":43,"x":40,"__tipo":"Vector2"},1],[{"__tipo":"CFrame","componentes":[107.72100067138672,-428.6910095214844,9308.822265625,-0.012481212615966797,0.987606406211853,-0.1564542055130005,-0.00001621246337890625,0.15646612644195558,0.9876834154129028,0.9999221563339233,0.012329965829849244,-0.0019369125366210938]},{"y":43,"x":40,"__tipo":"Vector2"},1],[{"__tipo":"CFrame","componentes":[107.72100067138672,-428.6910095214844,9308.822265625,-0.012481212615966797,0.987606406211853,-0.1564542055130005,-0.00001621246337890625,0.15646612644195558,0.9876834154129028,0.9999221563339233,0.012329965829849244,-0.0019369125366210938]},{"y":43,"x":40,"__tipo":"Vector2"},1],[{"__tipo":"CFrame","componentes":[107.72100067138672,-428.6910095214844,9308.822265625,-0.012481212615966797,0.987606406211853,-0.1564542055130005,-0.00001621246337890625,0.15646612644195558,0.9876834154129028,0.9999221563339233,0.012329965829849244,-0.0019369125366210938]},{"y":43,"x":40,"__tipo":"Vector2"},1],[{"__tipo":"CFrame","componentes":[107.72100067138672,-428.6910095214844,9308.822265625,-0.012481212615966797,0.987606406211853,-0.1564542055130005,-0.00001621246337890625,0.15646612644195558,0.9876834154129028,0.9999221563339233,0.012329965829849244,-0.0019369125366210938]},{"y":42,"x":41,"__tipo":"Vector2"},1],[{"__tipo":"CFrame","componentes":[107.72100067138672,-428.6910095214844,9308.822265625,-0.012481212615966797,0.987606406211853,-0.1564542055130005,-0.00001621246337890625,0.15646612644195558,0.9876834154129028,0.9999221563339233,0.012329965829849244,-0.0019369125366210938]},{"y":42,"x":41,"__tipo":"Vector2"},1],[{"__tipo":"CFrame","componentes":[107.72100067138672,-428.6910095214844,9308.822265625,-0.012481212615966797,0.987606406211853,-0.1564542055130005,-0.00001621246337890625,0.15646612644195558,0.9876834154129028,0.9999221563339233,0.012329965829849244,-0.0019369125366210938]},{"y":42,"x":42,"__tipo":"Vector2"},1],[{"__tipo":"CFrame","componentes":[107.72100067138672,-428.6910095214844,9308.822265625,-0.012481212615966797,0.987606406211853,-0.1564542055130005,-0.00001621246337890625,0.15646612644195558,0.9876834154129028,0.9999221563339233,0.012329965829849244,-0.0019369125366210938]},{"y":42,"x":42,"__tipo":"Vector2"},1],[{"__tipo":"CFrame","componentes":[107.72100067138672,-428.6910095214844,9308.822265625,-0.012481212615966797,0.987606406211853,-0.1564542055130005,-0.00001621246337890625,0.15646612644195558,0.9876834154129028,0.9999221563339233,0.012329965829849244,-0.0019369125366210938]},{"y":42,"x":42,"__tipo":"Vector2"},1],[{"__tipo":"CFrame","componentes":[107.72100067138672,-428.6910095214844,9308.822265625,-0.012481212615966797,0.987606406211853,-0.1564542055130005,-0.00001621246337890625,0.15646612644195558,0.9876834154129028,0.9999221563339233,0.012329965829849244,-0.0019369125366210938]},{"y":42,"x":42,"__tipo":"Vector2"},1],[{"__tipo":"CFrame","componentes":[107.72100067138672,-428.6910095214844,9308.822265625,-0.012481212615966797,0.987606406211853,-0.1564542055130005,-0.00001621246337890625,0.15646612644195558,0.9876834154129028,0.9999221563339233,0.012329965829849244,-0.0019369125366210938]},{"y":42,"x":43,"__tipo":"Vector2"},1],[{"__tipo":"CFrame","componentes":[107.72100067138672,-428.6910095214844,9308.822265625,-0.012481212615966797,0.987606406211853,-0.1564542055130005,-0.00001621246337890625,0.15646612644195558,0.9876834154129028,0.9999221563339233,0.012329965829849244,-0.0019369125366210938]},{"y":42,"x":43,"__tipo":"Vector2"},1],[{"__tipo":"CFrame","componentes":[107.72100067138672,-428.6910095214844,9308.822265625,-0.012481212615966797,0.987606406211853,-0.1564542055130005,-0.00001621246337890625,0.15646612644195558,0.9876834154129028,0.9999221563339233,0.012329965829849244,-0.0019369125366210938]},{"y":43,"x":44,"__tipo":"Vector2"},1],[{"__tipo":"CFrame","componentes":[107.72100067138672,-428.6910095214844,9308.822265625,-0.012481212615966797,0.987606406211853,-0.1564542055130005,-0.00001621246337890625,0.15646612644195558,0.9876834154129028,0.9999221563339233,0.012329965829849244,-0.0019369125366210938]},{"y":43,"x":44,"__tipo":"Vector2"},1],[{"__tipo":"CFrame","componentes":[107.72100067138672,-428.6910095214844,9308.822265625,-0.012481212615966797,0.987606406211853,-0.1564542055130005,-0.00001621246337890625,0.15646612644195558,0.9876834154129028,0.9999221563339233,0.012329965829849244,-0.0019369125366210938]},{"y":43,"x":44,"__tipo":"Vector2"},1],[{"__tipo":"CFrame","componentes":[107.72100067138672,-428.6910095214844,9308.822265625,-0.012481212615966797,0.987606406211853,-0.1564542055130005,-0.00001621246337890625,0.15646612644195558,0.9876834154129028,0.9999221563339233,0.012329965829849244,-0.0019369125366210938]},{"y":43,"x":44,"__tipo":"Vector2"},1],[{"__tipo":"CFrame","componentes":[107.72100067138672,-428.6910095214844,9308.822265625,-0.012481212615966797,0.987606406211853,-0.1564542055130005,-0.00001621246337890625,0.15646612644195558,0.9876834154129028,0.9999221563339233,0.012329965829849244,-0.0019369125366210938]},{"y":43,"x":45,"__tipo":"Vector2"},1],[{"__tipo":"CFrame","componentes":[107.72100067138672,-428.6910095214844,9308.822265625,-0.012481212615966797,0.987606406211853,-0.1564542055130005,-0.00001621246337890625,0.15646612644195558,0.9876834154129028,0.9999221563339233,0.012329965829849244,-0.0019369125366210938]},{"y":43,"x":45,"__tipo":"Vector2"},1],[{"__tipo":"CFrame","componentes":[107.72100067138672,-428.6910095214844,9308.822265625,-0.012481212615966797,0.987606406211853,-0.1564542055130005,-0.00001621246337890625,0.15646612644195558,0.9876834154129028,0.9999221563339233,0.012329965829849244,-0.0019369125366210938]},{"y":43,"x":46,"__tipo":"Vector2"},1],[{"__tipo":"CFrame","componentes":[107.72100067138672,-428.6910095214844,9308.822265625,-0.012481212615966797,0.987606406211853,-0.1564542055130005,-0.00001621246337890625,0.15646612644195558,0.9876834154129028,0.9999221563339233,0.012329965829849244,-0.0019369125366210938]},{"y":43,"x":46,"__tipo":"Vector2"},1],[{"__tipo":"CFrame","componentes":[107.72100067138672,-428.6910095214844,9308.822265625,-0.012481212615966797,0.987606406211853,-0.1564542055130005,-0.00001621246337890625,0.15646612644195558,0.9876834154129028,0.9999221563339233,0.012329965829849244,-0.0019369125366210938]},{"y":43,"x":47,"__tipo":"Vector2"},1],[{"__tipo":"CFrame","componentes":[107.72100067138672,-428.6910095214844,9308.822265625,-0.012481212615966797,0.987606406211853,-0.1564542055130005,-0.00001621246337890625,0.15646612644195558,0.9876834154129028,0.9999221563339233,0.012329965829849244,-0.0019369125366210938]},{"y":43,"x":47,"__tipo":"Vector2"},1],[{"__tipo":"CFrame","componentes":[107.72100067138672,-428.6910095214844,9308.822265625,-0.012481212615966797,0.987606406211853,-0.1564542055130005,-0.00001621246337890625,0.15646612644195558,0.9876834154129028,0.9999221563339233,0.012329965829849244,-0.0019369125366210938]},{"y":43,"x":47,"__tipo":"Vector2"},1],[{"__tipo":"CFrame","componentes":[107.72100067138672,-428.6910095214844,9308.822265625,-0.012481212615966797,0.987606406211853,-0.1564542055130005,-0.00001621246337890625,0.15646612644195558,0.9876834154129028,0.9999221563339233,0.012329965829849244,-0.0019369125366210938]},{"y":43,"x":47,"__tipo":"Vector2"},1],[{"__tipo":"CFrame","componentes":[107.72100067138672,-428.6910095214844,9308.822265625,-0.012481212615966797,0.987606406211853,-0.1564542055130005,-0.00001621246337890625,0.15646612644195558,0.9876834154129028,0.9999221563339233,0.012329965829849244,-0.0019369125366210938]},{"y":43,"x":47,"__tipo":"Vector2"},1],[{"__tipo":"CFrame","componentes":[107.72100067138672,-428.6910095214844,9308.822265625,-0.012481212615966797,0.987606406211853,-0.1564542055130005,-0.00001621246337890625,0.15646612644195558,0.9876834154129028,0.9999221563339233,0.012329965829849244,-0.0019369125366210938]},{"y":43,"x":47,"__tipo":"Vector2"},1],[{"__tipo":"CFrame","componentes":[107.72100067138672,-428.6910095214844,9308.822265625,-0.012481212615966797,0.987606406211853,-0.1564542055130005,-0.00001621246337890625,0.15646612644195558,0.9876834154129028,0.9999221563339233,0.012329965829849244,-0.0019369125366210938]},{"y":43,"x":48,"__tipo":"Vector2"},1],[{"__tipo":"CFrame","componentes":[107.72100067138672,-428.6910095214844,9308.822265625,-0.012481212615966797,0.987606406211853,-0.1564542055130005,-0.00001621246337890625,0.15646612644195558,0.9876834154129028,0.9999221563339233,0.012329965829849244,-0.0019369125366210938]},{"y":43,"x":48,"__tipo":"Vector2"},1],[{"__tipo":"CFrame","componentes":[107.72100067138672,-428.6910095214844,9308.822265625,-0.012481212615966797,0.987606406211853,-0.1564542055130005,-0.00001621246337890625,0.15646612644195558,0.9876834154129028,0.9999221563339233,0.012329965829849244,-0.0019369125366210938]},{"y":43,"x":48,"__tipo":"Vector2"},1],[{"__tipo":"CFrame","componentes":[107.72100067138672,-428.6910095214844,9308.822265625,-0.012481212615966797,0.987606406211853,-0.1564542055130005,-0.00001621246337890625,0.15646612644195558,0.9876834154129028,0.9999221563339233,0.012329965829849244,-0.0019369125366210938]},{"y":43,"x":48,"__tipo":"Vector2"},1],[{"__tipo":"CFrame","componentes":[107.72100067138672,-428.6910095214844,9308.822265625,-0.012481212615966797,0.987606406211853,-0.1564542055130005,-0.00001621246337890625,0.15646612644195558,0.9876834154129028,0.9999221563339233,0.012329965829849244,-0.0019369125366210938]},{"y":43,"x":49,"__tipo":"Vector2"},1],[{"__tipo":"CFrame","componentes":[107.72100067138672,-428.6910095214844,9308.822265625,-0.012481212615966797,0.987606406211853,-0.1564542055130005,-0.00001621246337890625,0.15646612644195558,0.9876834154129028,0.9999221563339233,0.012329965829849244,-0.0019369125366210938]},{"y":43,"x":49,"__tipo":"Vector2"},1],[{"__tipo":"CFrame","componentes":[107.72100067138672,-428.6910095214844,9308.822265625,-0.012481212615966797,0.987606406211853,-0.1564542055130005,-0.00001621246337890625,0.15646612644195558,0.9876834154129028,0.9999221563339233,0.012329965829849244,-0.0019369125366210938]},{"y":43,"x":50,"__tipo":"Vector2"},1],[{"__tipo":"CFrame","componentes":[107.72100067138672,-428.6910095214844,9308.822265625,-0.012481212615966797,0.987606406211853,-0.1564542055130005,-0.00001621246337890625,0.15646612644195558,0.9876834154129028,0.9999221563339233,0.012329965829849244,-0.0019369125366210938]},{"y":43,"x":50,"__tipo":"Vector2"},1],[{"__tipo":"CFrame","componentes":[107.72100067138672,-428.6910095214844,9308.822265625,-0.012481212615966797,0.987606406211853,-0.1564542055130005,-0.00001621246337890625,0.15646612644195558,0.9876834154129028,0.9999221563339233,0.012329965829849244,-0.0019369125366210938]},{"y":43,"x":51,"__tipo":"Vector2"},1],[{"__tipo":"CFrame","componentes":[107.72100067138672,-428.6910095214844,9308.822265625,-0.012481212615966797,0.987606406211853,-0.1564542055130005,-0.00001621246337890625,0.15646612644195558,0.9876834154129028,0.9999221563339233,0.012329965829849244,-0.0019369125366210938]},{"y":43,"x":51,"__tipo":"Vector2"},1],[{"__tipo":"CFrame","componentes":[107.72100067138672,-428.6910095214844,9308.822265625,-0.012481212615966797,0.987606406211853,-0.1564542055130005,-0.00001621246337890625,0.15646612644195558,0.9876834154129028,0.9999221563339233,0.012329965829849244,-0.0019369125366210938]},{"y":44,"x":52,"__tipo":"Vector2"},1],[{"__tipo":"CFrame","componentes":[107.72100067138672,-428.6910095214844,9308.822265625,-0.012481212615966797,0.987606406211853,-0.1564542055130005,-0.00001621246337890625,0.15646612644195558,0.9876834154129028,0.9999221563339233,0.012329965829849244,-0.0019369125366210938]},{"y":44,"x":52,"__tipo":"Vector2"},1],[{"__tipo":"CFrame","componentes":[107.72100067138672,-428.6910095214844,9308.822265625,-0.012481212615966797,0.987606406211853,-0.1564542055130005,-0.00001621246337890625,0.15646612644195558,0.9876834154129028,0.9999221563339233,0.012329965829849244,-0.0019369125366210938]},{"y":44,"x":52,"__tipo":"Vector2"},1],[{"__tipo":"CFrame","componentes":[107.72100067138672,-428.6910095214844,9308.822265625,-0.012481212615966797,0.987606406211853,-0.1564542055130005,-0.00001621246337890625,0.15646612644195558,0.9876834154129028,0.9999221563339233,0.012329965829849244,-0.0019369125366210938]},{"y":44,"x":52,"__tipo":"Vector2"},1],[{"__tipo":"CFrame","componentes":[107.72100067138672,-428.6910095214844,9308.822265625,-0.012481212615966797,0.987606406211853,-0.1564542055130005,-0.00001621246337890625,0.15646612644195558,0.9876834154129028,0.9999221563339233,0.012329965829849244,-0.0019369125366210938]},{"y":44,"x":53,"__tipo":"Vector2"},1],[{"__tipo":"CFrame","componentes":[107.72100067138672,-428.6910095214844,9308.822265625,-0.012481212615966797,0.987606406211853,-0.1564542055130005,-0.00001621246337890625,0.15646612644195558,0.9876834154129028,0.9999221563339233,0.012329965829849244,-0.0019369125366210938]},{"y":44,"x":53,"__tipo":"Vector2"},1],[{"__tipo":"CFrame","componentes":[107.72100067138672,-428.6910095214844,9308.822265625,-0.012481212615966797,0.987606406211853,-0.1564542055130005,-0.00001621246337890625,0.15646612644195558,0.9876834154129028,0.9999221563339233,0.012329965829849244,-0.0019369125366210938]},{"y":44,"x":53,"__tipo":"Vector2"},1],[{"__tipo":"CFrame","componentes":[107.72100067138672,-428.6910095214844,9308.822265625,-0.012481212615966797,0.987606406211853,-0.1564542055130005,-0.00001621246337890625,0.15646612644195558,0.9876834154129028,0.9999221563339233,0.012329965829849244,-0.0019369125366210938]},{"y":44,"x":53,"__tipo":"Vector2"},1],[{"__tipo":"CFrame","componentes":[107.72100067138672,-428.6910095214844,9308.822265625,-0.012481212615966797,0.987606406211853,-0.1564542055130005,-0.00001621246337890625,0.15646612644195558,0.9876834154129028,0.9999221563339233,0.012329965829849244,-0.0019369125366210938]},{"y":44,"x":53,"__tipo":"Vector2"},1],[{"__tipo":"CFrame","componentes":[107.72100067138672,-428.6910095214844,9308.822265625,-0.012481212615966797,0.987606406211853,-0.1564542055130005,-0.00001621246337890625,0.15646612644195558,0.9876834154129028,0.9999221563339233,0.012329965829849244,-0.0019369125366210938]},{"y":44,"x":53,"__tipo":"Vector2"},1],[{"__tipo":"CFrame","componentes":[107.72100067138672,-428.6910095214844,9308.822265625,-0.012481212615966797,0.987606406211853,-0.1564542055130005,-0.00001621246337890625,0.15646612644195558,0.9876834154129028,0.9999221563339233,0.012329965829849244,-0.0019369125366210938]},{"y":44,"x":54,"__tipo":"Vector2"},1],[{"__tipo":"CFrame","componentes":[107.72100067138672,-428.6910095214844,9308.822265625,-0.012481212615966797,0.987606406211853,-0.1564542055130005,-0.00001621246337890625,0.15646612644195558,0.9876834154129028,0.9999221563339233,0.012329965829849244,-0.0019369125366210938]},{"y":44,"x":54,"__tipo":"Vector2"},1],[{"__tipo":"CFrame","componentes":[107.72100067138672,-428.6910095214844,9308.822265625,-0.012481212615966797,0.987606406211853,-0.1564542055130005,-0.00001621246337890625,0.15646612644195558,0.9876834154129028,0.9999221563339233,0.012329965829849244,-0.0019369125366210938]},{"y":44,"x":54,"__tipo":"Vector2"},1],[{"__tipo":"CFrame","componentes":[107.72100067138672,-428.6910095214844,9308.822265625,-0.012481212615966797,0.987606406211853,-0.1564542055130005,-0.00001621246337890625,0.15646612644195558,0.9876834154129028,0.9999221563339233,0.012329965829849244,-0.0019369125366210938]},{"y":44,"x":54,"__tipo":"Vector2"},1],[{"__tipo":"CFrame","componentes":[107.72100067138672,-428.6910095214844,9308.822265625,-0.012481212615966797,0.987606406211853,-0.1564542055130005,-0.00001621246337890625,0.15646612644195558,0.9876834154129028,0.9999221563339233,0.012329965829849244,-0.0019369125366210938]},{"y":44,"x":55,"__tipo":"Vector2"},1],[{"__tipo":"CFrame","componentes":[107.72100067138672,-428.6910095214844,9308.822265625,-0.012481212615966797,0.987606406211853,-0.1564542055130005,-0.00001621246337890625,0.15646612644195558,0.9876834154129028,0.9999221563339233,0.012329965829849244,-0.0019369125366210938]},{"y":44,"x":55,"__tipo":"Vector2"},1],[{"__tipo":"CFrame","componentes":[107.72100067138672,-428.6910095214844,9308.822265625,-0.012481212615966797,0.987606406211853,-0.1564542055130005,-0.00001621246337890625,0.15646612644195558,0.9876834154129028,0.9999221563339233,0.012329965829849244,-0.0019369125366210938]},{"y":44,"x":55,"__tipo":"Vector2"},1],[{"__tipo":"CFrame","componentes":[107.72100067138672,-428.6910095214844,9308.822265625,-0.012481212615966797,0.987606406211853,-0.1564542055130005,-0.00001621246337890625,0.15646612644195558,0.9876834154129028,0.9999221563339233,0.012329965829849244,-0.0019369125366210938]},{"y":44,"x":55,"__tipo":"Vector2"},1],[{"__tipo":"CFrame","componentes":[107.72100067138672,-428.6910095214844,9308.822265625,-0.012481212615966797,0.987606406211853,-0.1564542055130005,-0.00001621246337890625,0.15646612644195558,0.9876834154129028,0.9999221563339233,0.012329965829849244,-0.0019369125366210938]},{"y":44,"x":56,"__tipo":"Vector2"},1],[{"__tipo":"CFrame","componentes":[107.72100067138672,-428.6910095214844,9308.822265625,-0.012481212615966797,0.987606406211853,-0.1564542055130005,-0.00001621246337890625,0.15646612644195558,0.9876834154129028,0.9999221563339233,0.012329965829849244,-0.0019369125366210938]},{"y":44,"x":56,"__tipo":"Vector2"},1],[{"__tipo":"CFrame","componentes":[107.72100067138672,-428.6910095214844,9308.822265625,-0.012481212615966797,0.987606406211853,-0.1564542055130005,-0.00001621246337890625,0.15646612644195558,0.9876834154129028,0.9999221563339233,0.012329965829849244,-0.0019369125366210938]},{"y":44,"x":56,"__tipo":"Vector2"},1],[{"__tipo":"CFrame","componentes":[107.72100067138672,-428.6910095214844,9308.822265625,-0.012481212615966797,0.987606406211853,-0.1564542055130005,-0.00001621246337890625,0.15646612644195558,0.9876834154129028,0.9999221563339233,0.012329965829849244,-0.0019369125366210938]},{"y":44,"x":56,"__tipo":"Vector2"},1],[{"__tipo":"CFrame","componentes":[107.72100067138672,-428.6910095214844,9308.822265625,-0.012481212615966797,0.987606406211853,-0.1564542055130005,-0.00001621246337890625,0.15646612644195558,0.9876834154129028,0.9999221563339233,0.012329965829849244,-0.0019369125366210938]},{"y":44,"x":57,"__tipo":"Vector2"},1],[{"__tipo":"CFrame","componentes":[107.72100067138672,-428.6910095214844,9308.822265625,-0.012481212615966797,0.987606406211853,-0.1564542055130005,-0.00001621246337890625,0.15646612644195558,0.9876834154129028,0.9999221563339233,0.012329965829849244,-0.0019369125366210938]},{"y":44,"x":57,"__tipo":"Vector2"},1],[{"__tipo":"CFrame","componentes":[107.72100067138672,-428.6910095214844,9308.822265625,-0.012481212615966797,0.987606406211853,-0.1564542055130005,-0.00001621246337890625,0.15646612644195558,0.9876834154129028,0.9999221563339233,0.012329965829849244,-0.0019369125366210938]},{"y":44,"x":57,"__tipo":"Vector2"},1],[{"__tipo":"CFrame","componentes":[107.72100067138672,-428.6910095214844,9308.822265625,-0.012481212615966797,0.987606406211853,-0.1564542055130005,-0.00001621246337890625,0.15646612644195558,0.9876834154129028,0.9999221563339233,0.012329965829849244,-0.0019369125366210938]},{"y":44,"x":57,"__tipo":"Vector2"},1],[{"__tipo":"CFrame","componentes":[107.72100067138672,-428.6910095214844,9308.822265625,-0.012481212615966797,0.987606406211853,-0.1564542055130005,-0.00001621246337890625,0.15646612644195558,0.9876834154129028,0.9999221563339233,0.012329965829849244,-0.0019369125366210938]},{"y":44,"x":57,"__tipo":"Vector2"},1],[{"__tipo":"CFrame","componentes":[107.72100067138672,-428.6910095214844,9308.822265625,-0.012481212615966797,0.987606406211853,-0.1564542055130005,-0.00001621246337890625,0.15646612644195558,0.9876834154129028,0.9999221563339233,0.012329965829849244,-0.0019369125366210938]},{"y":44,"x":57,"__tipo":"Vector2"},1],[{"__tipo":"CFrame","componentes":[107.72100067138672,-428.6910095214844,9308.822265625,-0.012481212615966797,0.987606406211853,-0.1564542055130005,-0.00001621246337890625,0.15646612644195558,0.9876834154129028,0.9999221563339233,0.012329965829849244,-0.0019369125366210938]},{"y":44,"x":58,"__tipo":"Vector2"},1],[{"__tipo":"CFrame","componentes":[107.72100067138672,-428.6910095214844,9308.822265625,-0.012481212615966797,0.987606406211853,-0.1564542055130005,-0.00001621246337890625,0.15646612644195558,0.9876834154129028,0.9999221563339233,0.012329965829849244,-0.0019369125366210938]},{"y":44,"x":58,"__tipo":"Vector2"},1],[{"__tipo":"CFrame","componentes":[107.72100067138672,-428.6910095214844,9308.822265625,-0.012481212615966797,0.987606406211853,-0.1564542055130005,-0.00001621246337890625,0.15646612644195558,0.9876834154129028,0.9999221563339233,0.012329965829849244,-0.0019369125366210938]},{"y":44,"x":59,"__tipo":"Vector2"},1],[{"__tipo":"CFrame","componentes":[107.72100067138672,-428.6910095214844,9308.822265625,-0.012481212615966797,0.987606406211853,-0.1564542055130005,-0.00001621246337890625,0.15646612644195558,0.9876834154129028,0.9999221563339233,0.012329965829849244,-0.0019369125366210938]},{"y":44,"x":59,"__tipo":"Vector2"},1],[{"__tipo":"CFrame","componentes":[107.72100067138672,-428.6910095214844,9308.822265625,-0.012481212615966797,0.987606406211853,-0.1564542055130005,-0.00001621246337890625,0.15646612644195558,0.9876834154129028,0.9999221563339233,0.012329965829849244,-0.0019369125366210938]},{"y":44,"x":59,"__tipo":"Vector2"},1],[{"__tipo":"CFrame","componentes":[107.72100067138672,-428.6910095214844,9308.822265625,-0.012481212615966797,0.987606406211853,-0.1564542055130005,-0.00001621246337890625,0.15646612644195558,0.9876834154129028,0.9999221563339233,0.012329965829849244,-0.0019369125366210938]},{"y":44,"x":59,"__tipo":"Vector2"},1],[{"__tipo":"CFrame","componentes":[107.72100067138672,-428.6910095214844,9308.822265625,-0.012481212615966797,0.987606406211853,-0.1564542055130005,-0.00001621246337890625,0.15646612644195558,0.9876834154129028,0.9999221563339233,0.012329965829849244,-0.0019369125366210938]},{"y":45,"x":61,"__tipo":"Vector2"},1],[{"__tipo":"CFrame","componentes":[107.72100067138672,-428.6910095214844,9308.822265625,-0.012481212615966797,0.987606406211853,-0.1564542055130005,-0.00001621246337890625,0.15646612644195558,0.9876834154129028,0.9999221563339233,0.012329965829849244,-0.0019369125366210938]},{"y":45,"x":61,"__tipo":"Vector2"},1],[{"__tipo":"CFrame","componentes":[107.72100067138672,-428.6910095214844,9308.822265625,-0.012481212615966797,0.987606406211853,-0.1564542055130005,-0.00001621246337890625,0.15646612644195558,0.9876834154129028,0.9999221563339233,0.012329965829849244,-0.0019369125366210938]},{"y":45,"x":62,"__tipo":"Vector2"},1],[{"__tipo":"CFrame","componentes":[107.72100067138672,-428.6910095214844,9308.822265625,-0.012481212615966797,0.987606406211853,-0.1564542055130005,-0.00001621246337890625,0.15646612644195558,0.9876834154129028,0.9999221563339233,0.012329965829849244,-0.0019369125366210938]},{"y":45,"x":62,"__tipo":"Vector2"},1],[{"__tipo":"CFrame","componentes":[107.72100067138672,-428.6910095214844,9308.822265625,-0.012481212615966797,0.987606406211853,-0.1564542055130005,-0.00001621246337890625,0.15646612644195558,0.9876834154129028,0.9999221563339233,0.012329965829849244,-0.0019369125366210938]},{"y":45,"x":62,"__tipo":"Vector2"},1],[{"__tipo":"CFrame","componentes":[107.72100067138672,-428.6910095214844,9308.822265625,-0.012481212615966797,0.987606406211853,-0.1564542055130005,-0.00001621246337890625,0.15646612644195558,0.9876834154129028,0.9999221563339233,0.012329965829849244,-0.0019369125366210938]},{"y":45,"x":62,"__tipo":"Vector2"},1],[{"__tipo":"CFrame","componentes":[107.72100067138672,-428.6910095214844,9308.822265625,-0.012481212615966797,0.987606406211853,-0.1564542055130005,-0.00001621246337890625,0.15646612644195558,0.9876834154129028,0.9999221563339233,0.012329965829849244,-0.0019369125366210938]},{"y":45,"x":63,"__tipo":"Vector2"},1],[{"__tipo":"CFrame","componentes":[107.72100067138672,-428.6910095214844,9308.822265625,-0.012481212615966797,0.987606406211853,-0.1564542055130005,-0.00001621246337890625,0.15646612644195558,0.9876834154129028,0.9999221563339233,0.012329965829849244,-0.0019369125366210938]},{"y":45,"x":63,"__tipo":"Vector2"},1],[{"__tipo":"CFrame","componentes":[107.72100067138672,-428.6910095214844,9308.822265625,-0.012481212615966797,0.987606406211853,-0.1564542055130005,-0.00001621246337890625,0.15646612644195558,0.9876834154129028,0.9999221563339233,0.012329965829849244,-0.0019369125366210938]},{"y":45,"x":64,"__tipo":"Vector2"},1],[{"__tipo":"CFrame","componentes":[107.72100067138672,-428.6910095214844,9308.822265625,-0.012481212615966797,0.987606406211853,-0.1564542055130005,-0.00001621246337890625,0.15646612644195558,0.9876834154129028,0.9999221563339233,0.012329965829849244,-0.0019369125366210938]},{"y":45,"x":64,"__tipo":"Vector2"},1],[{"__tipo":"CFrame","componentes":[107.72100067138672,-428.6910095214844,9308.822265625,-0.012481212615966797,0.987606406211853,-0.1564542055130005,-0.00001621246337890625,0.15646612644195558,0.9876834154129028,0.9999221563339233,0.012329965829849244,-0.0019369125366210938]},{"y":45,"x":64,"__tipo":"Vector2"},1],[{"__tipo":"CFrame","componentes":[107.72100067138672,-428.6910095214844,9308.822265625,-0.012481212615966797,0.987606406211853,-0.1564542055130005,-0.00001621246337890625,0.15646612644195558,0.9876834154129028,0.9999221563339233,0.012329965829849244,-0.0019369125366210938]},{"y":45,"x":64,"__tipo":"Vector2"},1],[{"__tipo":"CFrame","componentes":[107.72100067138672,-428.6910095214844,9308.822265625,-0.012481212615966797,0.987606406211853,-0.1564542055130005,-0.00001621246337890625,0.15646612644195558,0.9876834154129028,0.9999221563339233,0.012329965829849244,-0.0019369125366210938]},{"y":45,"x":65,"__tipo":"Vector2"},1],[{"__tipo":"CFrame","componentes":[107.72100067138672,-428.6910095214844,9308.822265625,-0.012481212615966797,0.987606406211853,-0.1564542055130005,-0.00001621246337890625,0.15646612644195558,0.9876834154129028,0.9999221563339233,0.012329965829849244,-0.0019369125366210938]},{"y":45,"x":65,"__tipo":"Vector2"},1],[{"__tipo":"CFrame","componentes":[107.72100067138672,-428.6910095214844,9308.822265625,-0.012481212615966797,0.987606406211853,-0.1564542055130005,-0.00001621246337890625,0.15646612644195558,0.9876834154129028,0.9999221563339233,0.012329965829849244,-0.0019369125366210938]},{"y":45,"x":65,"__tipo":"Vector2"},1],[{"__tipo":"CFrame","componentes":[107.72100067138672,-428.6910095214844,9308.822265625,-0.012481212615966797,0.987606406211853,-0.1564542055130005,-0.00001621246337890625,0.15646612644195558,0.9876834154129028,0.9999221563339233,0.012329965829849244,-0.0019369125366210938]},{"y":45,"x":65,"__tipo":"Vector2"},1],[{"__tipo":"CFrame","componentes":[107.72100067138672,-428.6910095214844,9308.822265625,-0.012481212615966797,0.987606406211853,-0.1564542055130005,-0.00001621246337890625,0.15646612644195558,0.9876834154129028,0.9999221563339233,0.012329965829849244,-0.0019369125366210938]},{"y":45,"x":65,"__tipo":"Vector2"},1],[{"__tipo":"CFrame","componentes":[107.72100067138672,-428.6910095214844,9308.822265625,-0.012481212615966797,0.987606406211853,-0.1564542055130005,-0.00001621246337890625,0.15646612644195558,0.9876834154129028,0.9999221563339233,0.012329965829849244,-0.0019369125366210938]},{"y":45,"x":65,"__tipo":"Vector2"},1],[{"__tipo":"CFrame","componentes":[107.72100067138672,-428.6910095214844,9308.822265625,-0.012481212615966797,0.987606406211853,-0.1564542055130005,-0.00001621246337890625,0.15646612644195558,0.9876834154129028,0.9999221563339233,0.012329965829849244,-0.0019369125366210938]},{"y":45,"x":66,"__tipo":"Vector2"},1],[{"__tipo":"CFrame","componentes":[107.72100067138672,-428.6910095214844,9308.822265625,-0.012481212615966797,0.987606406211853,-0.1564542055130005,-0.00001621246337890625,0.15646612644195558,0.9876834154129028,0.9999221563339233,0.012329965829849244,-0.0019369125366210938]},{"y":45,"x":66,"__tipo":"Vector2"},1],[{"__tipo":"CFrame","componentes":[107.72100067138672,-428.6910095214844,9308.822265625,-0.012481212615966797,0.987606406211853,-0.1564542055130005,-0.00001621246337890625,0.15646612644195558,0.9876834154129028,0.9999221563339233,0.012329965829849244,-0.0019369125366210938]},{"y":45,"x":66,"__tipo":"Vector2"},1],[{"__tipo":"CFrame","componentes":[107.72100067138672,-428.6910095214844,9308.822265625,-0.012481212615966797,0.987606406211853,-0.1564542055130005,-0.00001621246337890625,0.15646612644195558,0.9876834154129028,0.9999221563339233,0.012329965829849244,-0.0019369125366210938]},{"y":45,"x":66,"__tipo":"Vector2"},1],[{"__tipo":"CFrame","componentes":[107.72100067138672,-428.6910095214844,9308.822265625,-0.012481212615966797,0.987606406211853,-0.1564542055130005,-0.00001621246337890625,0.15646612644195558,0.9876834154129028,0.9999221563339233,0.012329965829849244,-0.0019369125366210938]},{"y":45,"x":67,"__tipo":"Vector2"},1],[{"__tipo":"CFrame","componentes":[107.72100067138672,-428.6910095214844,9308.822265625,-0.012481212615966797,0.987606406211853,-0.1564542055130005,-0.00001621246337890625,0.15646612644195558,0.9876834154129028,0.9999221563339233,0.012329965829849244,-0.0019369125366210938]},{"y":45,"x":67,"__tipo":"Vector2"},1],[{"__tipo":"CFrame","componentes":[107.72100067138672,-428.6910095214844,9308.822265625,-0.012481212615966797,0.987606406211853,-0.1564542055130005,-0.00001621246337890625,0.15646612644195558,0.9876834154129028,0.9999221563339233,0.012329965829849244,-0.0019369125366210938]},{"y":46,"x":68,"__tipo":"Vector2"},1],[{"__tipo":"CFrame","componentes":[107.72100067138672,-428.6910095214844,9308.822265625,-0.012481212615966797,0.987606406211853,-0.1564542055130005,-0.00001621246337890625,0.15646612644195558,0.9876834154129028,0.9999221563339233,0.012329965829849244,-0.0019369125366210938]},{"y":46,"x":68,"__tipo":"Vector2"},1],[{"__tipo":"CFrame","componentes":[107.72100067138672,-428.6910095214844,9308.822265625,-0.012481212615966797,0.987606406211853,-0.1564542055130005,-0.00001621246337890625,0.15646612644195558,0.9876834154129028,0.9999221563339233,0.012329965829849244,-0.0019369125366210938]},{"y":46,"x":68,"__tipo":"Vector2"},1],[{"__tipo":"CFrame","componentes":[107.72100067138672,-428.6910095214844,9308.822265625,-0.012481212615966797,0.987606406211853,-0.1564542055130005,-0.00001621246337890625,0.15646612644195558,0.9876834154129028,0.9999221563339233,0.012329965829849244,-0.0019369125366210938]},{"y":46,"x":68,"__tipo":"Vector2"},1],[{"__tipo":"CFrame","componentes":[107.72100067138672,-428.6910095214844,9308.822265625,-0.012481212615966797,0.987606406211853,-0.1564542055130005,-0.00001621246337890625,0.15646612644195558,0.9876834154129028,0.9999221563339233,0.012329965829849244,-0.0019369125366210938]},{"y":46,"x":68,"__tipo":"Vector2"},1],[{"__tipo":"CFrame","componentes":[107.72100067138672,-428.6910095214844,9308.822265625,-0.012481212615966797,0.987606406211853,-0.1564542055130005,-0.00001621246337890625,0.15646612644195558,0.9876834154129028,0.9999221563339233,0.012329965829849244,-0.0019369125366210938]},{"y":46,"x":68,"__tipo":"Vector2"},1],[{"__tipo":"CFrame","componentes":[107.72100067138672,-428.6910095214844,9308.822265625,-0.012481212615966797,0.987606406211853,-0.1564542055130005,-0.00001621246337890625,0.15646612644195558,0.9876834154129028,0.9999221563339233,0.012329965829849244,-0.0019369125366210938]},{"y":46,"x":69,"__tipo":"Vector2"},1],[{"__tipo":"CFrame","componentes":[107.72100067138672,-428.6910095214844,9308.822265625,-0.012481212615966797,0.987606406211853,-0.1564542055130005,-0.00001621246337890625,0.15646612644195558,0.9876834154129028,0.9999221563339233,0.012329965829849244,-0.0019369125366210938]},{"y":46,"x":69,"__tipo":"Vector2"},1],[{"__tipo":"CFrame","componentes":[107.72100067138672,-428.6910095214844,9308.822265625,-0.012481212615966797,0.987606406